1 0.492188 0.291016 0.489258 0.299805 0.494141 0.305664 0.504883 0.309570 0.518555 0.347656 0.533203 0.369141 0.532227 0.380859 0.541992 0.390625 0.553711 0.395508 0.562500 0.386719 0.577148 0.382812 0.597656 0.364258 0.597656 0.316406 0.571289 0.284180 0.557617 0.279297 0.553711 0.266602 0.546875 0.257812 0.542969 0.256836 0.539062 0.261719 0.528320 0.260742 0.505859 0.266602
1 0.820312 0.878906 0.815430 0.893555 0.816406 0.903320 0.824219 0.908203 0.833984 0.906250 0.840820 0.919922 0.856445 0.931641 0.870117 0.936523 0.882812 0.936523 0.906250 0.912109 0.921875 0.916016 0.931641 0.912109 0.946289 0.898438 0.938477 0.877930 0.913086 0.866211 0.908203 0.840820 0.893555 0.836914 0.887695 0.826172 0.873047 0.827148 0.864258 0.832031 0.851562 0.848633
1 0.796875 0.334961 0.795898 0.343750 0.799805 0.348633 0.824219 0.348633 0.832031 0.351562 0.820312 0.376953 0.822266 0.399414 0.830078 0.418945 0.845703 0.438477 0.876953 0.460938 0.884766 0.471680 0.911133 0.488281 0.946289 0.492188 0.964844 0.500000 0.984375 0.498047 0.982422 0.487305 0.999023 0.468750 0.999023 0.376953 0.996094 0.367188 0.996094 0.358398 0.999023 0.355469 0.999023 0.268555 0.994141 0.263672 0.984375 0.256836 0.973633 0.257812 0.961914 0.265625 0.948242 0.267578 0.927734 0.280273 0.904297 0.283203 0.891602 0.294922 0.871094 0.298828 0.837891 0.315430 0.817383 0.320312
1 0.003906 0.175781 0.000000 0.179688 0.000000 0.256836 0.008789 0.262695 0.015625 0.256836 0.034180 0.251953 0.046875 0.237305 0.051758 0.225586 0.039062 0.203125 0.042969 0.184570 0.038086 0.174805 0.029297 0.166992 0.024414 0.166992
1 0.000000 0.139648 0.000977 0.139648 0.000977 0.145508 0.000000 0.145508
1 0.000000 0.025391 0.000977 0.025391 0.000977 0.027344 0.000000 0.027344
1 0.001953 0.011719 0.000000 0.147461 0.008789 0.144531 0.014648 0.137695 0.019531 0.097656 0.029297 0.077148 0.028320 0.052734 0.023438 0.029297 0.015625 0.021484 0.011719 0.010742
1 0.925781 0.706055 0.924805 0.709961 0.932617 0.717773 0.932617 0.730469 0.946289 0.748047 0.988281 0.746094 0.999023 0.749023 0.999023 0.638672 0.988281 0.635742 0.982422 0.637695 0.965820 0.656250 0.958008 0.686523 0.952148 0.696289 0.940430 0.705078
1 0.202148 0.800781 0.202148 0.822266 0.214844 0.841797 0.219727 0.855469 0.241211 0.870117 0.265625 0.875000 0.272461 0.858398 0.279297 0.852539 0.292969 0.850586 0.297852 0.841797 0.293945 0.831055 0.298828 0.826172 0.300781 0.817383 0.292969 0.803711 0.276367 0.788086 0.261719 0.784180 0.243164 0.784180 0.229492 0.791016 0.218750 0.785156
1 0.235352 0.608398 0.240234 0.637695 0.233398 0.673828 0.241211 0.684570 0.268555 0.700195 0.295898 0.695312 0.302734 0.704102 0.316406 0.685547 0.324219 0.682617 0.338867 0.685547 0.337891 0.666992 0.343750 0.642578 0.340820 0.625977 0.334961 0.617188 0.337891 0.598633 0.327148 0.589844 0.320312 0.589844 0.300781 0.601562 0.280273 0.583008 0.256836 0.581055 0.251953 0.591797 0.244141 0.594727
1 0.469727 0.862305 0.469727 0.891602 0.474609 0.898438 0.475586 0.921875 0.468750 0.932617 0.468750 0.942383 0.478516 0.953125 0.487305 0.987305 0.499023 0.999023 0.520508 0.999023 0.524414 0.996094 0.545898 0.996094 0.552734 0.999023 0.577148 0.996094 0.600586 0.996094 0.603516 0.999023 0.659180 0.999023 0.662109 0.996094 0.671875 0.996094 0.677734 0.999023 0.692383 0.999023 0.702148 0.994141 0.712891 0.980469 0.711914 0.965820 0.705078 0.959961 0.705078 0.956055 0.724609 0.940430 0.724609 0.927734 0.730469 0.917969 0.737305 0.889648 0.716797 0.860352 0.704102 0.856445 0.689453 0.844727 0.689453 0.833984 0.681641 0.818359 0.670898 0.815430 0.664062 0.809570 0.617188 0.802734 0.598633 0.808594 0.583984 0.798828 0.571289 0.800781 0.549805 0.791016 0.533203 0.800781 0.517578 0.796875 0.509766 0.802734 0.494141 0.804688 0.491211 0.807617 0.477539 0.834961
1 0.041992 0.735352 0.041992 0.758789 0.050781 0.774414 0.056641 0.810547 0.059570 0.816406 0.074219 0.828125 0.085938 0.830078 0.116211 0.819336 0.132812 0.819336 0.147461 0.808594 0.167969 0.806641 0.170898 0.788086 0.175781 0.780273 0.173828 0.765625 0.180664 0.750000 0.178711 0.732422 0.171875 0.725586 0.158203 0.720703 0.149414 0.712891 0.108398 0.702148 0.088867 0.715820 0.079102 0.732422 0.070312 0.732422 0.052734 0.725586 0.046875 0.727539
1 0.050781 0.019531 0.052734 0.045898 0.049805 0.063477 0.061523 0.082031 0.069336 0.088867 0.086914 0.084961 0.095703 0.093750 0.105469 0.094727 0.128906 0.080078 0.135742 0.064453 0.148438 0.058594 0.159180 0.046875 0.151367 0.022461 0.152344 0.014648 0.158203 0.007812 0.154297 0.000000 0.125977 0.000000 0.120117 0.007812 0.106445 0.013672 0.097656 0.022461 0.069336 0.011719 0.059570 0.012695
1 0.588867 0.507812 0.588867 0.535156 0.599609 0.544922 0.601562 0.556641 0.625000 0.571289 0.640625 0.587891 0.667969 0.600586 0.705078 0.606445 0.720703 0.603516 0.752930 0.608398 0.769531 0.593750 0.799805 0.576172 0.810547 0.563477 0.810547 0.549805 0.805664 0.540039 0.806641 0.525391 0.802734 0.515625 0.792969 0.507812 0.792969 0.494141 0.779297 0.487305 0.751953 0.487305 0.740234 0.481445 0.719727 0.496094 0.712891 0.496094 0.712891 0.480469 0.708984 0.466797 0.693359 0.450195 0.676758 0.455078 0.666992 0.461914 0.652344 0.462891 0.646484 0.460938 0.636719 0.448242 0.632812 0.449219 0.622070 0.462891 0.618164 0.475586 0.597656 0.494141
1 0.011719 0.436523 0.010742 0.452148 0.017578 0.472656 0.018555 0.496094 0.036133 0.516602 0.077148 0.517578 0.082031 0.513672 0.099609 0.509766 0.123047 0.490234 0.121094 0.473633 0.125000 0.461914 0.112305 0.441406 0.095703 0.423828 0.082031 0.417969 0.078125 0.410156 0.061523 0.397461 0.048828 0.398438 0.027344 0.421875 0.015625 0.428711
1 0.718750 0.985352 0.717773 0.999023 0.791992 0.999023 0.796875 0.994141 0.795898 0.983398 0.798828 0.973633 0.792969 0.965820 0.775391 0.963867 0.771484 0.950195 0.766602 0.944336 0.741211 0.942383 0.728516 0.961914
1 0.191406 0.691406 0.174805 0.812500 0.186523 0.821289 0.195312 0.823242 0.202148 0.817383 0.200195 0.803711 0.203125 0.795898 0.214844 0.786133 0.209961 0.769531 0.218750 0.748047 0.222656 0.716797 0.231445 0.699219 0.230469 0.667969 0.237305 0.647461 0.238281 0.633789 0.234375 0.604492 0.241211 0.590820 0.243164 0.564453 0.251953 0.533203 0.245117 0.520508 0.230469 0.512695 0.225586 0.516602 0.221680 0.526367 0.216797 0.567383
1 0.465820 0.326172 0.462891 0.328125 0.466797 0.328125
1 0.383789 0.136719 0.380859 0.139648 0.380859 0.148438 0.387695 0.164062 0.385742 0.192383 0.389648 0.202148 0.401367 0.203125 0.406250 0.207031 0.415039 0.222656 0.409180 0.242188 0.410156 0.261719 0.405273 0.267578 0.406250 0.285156 0.410156 0.290039 0.411133 0.298828 0.417969 0.293945 0.424805 0.302734 0.429688 0.303711 0.429688 0.331055 0.438477 0.347656 0.435547 0.355469 0.448242 0.362305 0.456055 0.358398 0.465820 0.361328 0.472656 0.356445 0.482422 0.356445 0.491211 0.349609 0.498047 0.354492 0.515625 0.349609 0.523438 0.353516 0.532227 0.369141 0.527344 0.373047 0.529297 0.379883 0.542969 0.391602 0.553711 0.394531 0.563477 0.386719 0.576172 0.382812 0.595703 0.362305 0.596680 0.318359 0.577148 0.290039 0.554688 0.274414 0.546875 0.257812 0.531250 0.257812 0.533203 0.253906 0.529297 0.248047 0.530273 0.241211 0.543945 0.237305 0.548828 0.212891 0.561523 0.201172 0.541016 0.147461 0.529297 0.145508 0.517578 0.149414 0.504883 0.138672 0.480469 0.145508 0.470703 0.144531 0.467773 0.138672 0.473633 0.131836 0.474609 0.122070 0.479492 0.115234 0.480469 0.094727 0.476562 0.096680 0.469727 0.093750 0.466797 0.087891 0.458984 0.086914 0.444336 0.087891 0.438477 0.094727 0.437500 0.107422 0.406250 0.118164 0.399414 0.130859
1 0.183594 0.995117 0.181641 0.999023 0.329102 0.999023 0.333984 0.985352 0.331055 0.960938 0.312500 0.927734 0.311523 0.917969 0.304688 0.914062 0.271484 0.926758 0.252930 0.923828 0.241211 0.928711 0.230469 0.927734 0.228516 0.935547 0.243164 0.945312 0.241211 0.953125 0.234375 0.958008 0.219727 0.960938 0.203125 0.979492 0.196289 0.993164
1 0.983398 0.511719 0.985352 0.522461 0.978516 0.537109 0.985352 0.560547 0.982422 0.583008 0.992188 0.595703 0.999023 0.598633 0.999023 0.493164 0.994141 0.493164
0 0.870117 0.605469 0.869141 0.612305 0.882812 0.618164 0.952148 0.627930 0.962891 0.586914 0.923828 0.562500 0.908203 0.561523 0.880859 0.565430 0.877930 0.568359
0 0.860352 0.767578 0.859375 0.824219 0.862305 0.829102 0.886719 0.823242 0.892578 0.827148 0.896484 0.835938 0.905273 0.836914 0.914062 0.842773 0.962891 0.856445 0.999023 0.861328 0.999023 0.753906 0.985352 0.749023 0.942383 0.750977 0.931641 0.734375 0.929688 0.719727 0.916992 0.709961 0.917969 0.701172 0.914062 0.696289 0.900391 0.695312 0.878906 0.734375 0.869141 0.741211
0 0.005859 0.497070 0.000000 0.497070 0.000000 0.647461 0.037109 0.656250 0.039062 0.661133 0.036133 0.677734 0.100586 0.689453 0.121094 0.639648 0.129883 0.636719 0.149414 0.640625 0.152344 0.636719 0.161133 0.615234 0.173828 0.564453 0.175781 0.537109 0.172852 0.534180 0.094727 0.516602 0.086914 0.516602 0.071289 0.523438 0.036133 0.521484 0.019531 0.503906
0 0.197266 0.040039 0.189453 0.107422 0.192383 0.122070 0.308594 0.148438 0.320312 0.149414 0.324219 0.146484 0.333008 0.110352 0.340820 0.097656 0.344727 0.083984 0.345703 0.048828 0.356445 0.000000 0.300781 0.000000 0.292969 0.002930 0.287109 0.000000 0.209961 0.000000
0 0.352539 0.652344 0.345703 0.706055 0.349609 0.713867 0.431641 0.730469 0.442383 0.740234 0.476562 0.746094 0.485352 0.754883 0.504883 0.752930 0.578125 0.771484 0.583984 0.769531 0.588867 0.751953 0.617188 0.757812 0.623047 0.757812 0.625977 0.753906 0.640625 0.656250 0.607422 0.648438 0.603516 0.633789 0.598633 0.629883 0.571289 0.629883 0.565430 0.650391 0.558594 0.659180 0.549805 0.663086 0.538086 0.663086 0.531250 0.666992 0.525391 0.675781 0.513672 0.680664 0.504883 0.676758 0.493164 0.662109 0.479492 0.654297 0.465820 0.612305 0.434570 0.605469 0.431641 0.602539 0.431641 0.593750 0.426758 0.590820 0.407227 0.586914 0.378906 0.587891 0.368164 0.595703
0 0.500977 0.095703 0.500000 0.108398 0.518555 0.115234 0.568359 0.125977 0.597656 0.122070 0.608398 0.106445 0.625000 0.000000 0.523438 0.000000
0 0.623047 0.034180 0.628906 0.053711 0.618164 0.105469 0.640625 0.109375 0.647461 0.104492 0.650391 0.086914 0.657227 0.074219 0.651367 0.058594 0.651367 0.044922 0.657227 0.020508 0.662109 0.010742 0.675781 0.000000 0.640625 0.000000 0.636719 0.015625 0.633789 0.018555 0.625977 0.017578
0 0.500977 0.096680 0.500000 0.107422 0.502930 0.110352 0.568359 0.126953 0.595703 0.124023 0.602539 0.115234 0.618164 0.106445 0.643555 0.107422 0.648438 0.100586 0.649414 0.086914 0.655273 0.077148 0.651367 0.043945 0.657227 0.019531 0.664062 0.007812 0.675781 0.000000 0.523438 0.000000
1 0.614258 0.141602 0.612305 0.155273 0.636719 0.153320 0.656250 0.161133 0.660156 0.175781 0.637695 0.198242 0.641602 0.201172 0.642578 0.219727 0.649414 0.228516 0.652344 0.242188 0.639648 0.265625 0.642578 0.298828 0.666992 0.375977 0.684570 0.393555 0.699219 0.393555 0.706055 0.389648 0.746094 0.412109 0.752930 0.411133 0.752930 0.404297 0.761719 0.400391 0.761719 0.389648 0.766602 0.386719 0.763672 0.376953 0.773438 0.375000 0.776367 0.360352 0.786133 0.355469 0.783203 0.347656 0.806641 0.315430 0.816406 0.311523 0.821289 0.314453 0.849609 0.303711 0.860352 0.287109 0.868164 0.291016 0.879883 0.290039 0.911133 0.276367 0.936523 0.275391 0.953125 0.268555 0.956055 0.271484 0.966797 0.258789 0.980469 0.254883 0.987305 0.261719 0.999023 0.258789 0.999023 0.119141 0.994141 0.114258 0.996094 0.104492 0.981445 0.095703 0.976562 0.088867 0.977539 0.083984 0.968750 0.091797 0.958008 0.083984 0.961914 0.057617 0.970703 0.053711 0.966797 0.041016 0.970703 0.030273 0.978516 0.025391 0.966797 0.002930 0.958008 0.004883 0.932617 0.000000 0.677734 0.000000 0.674805 0.005859 0.667969 0.004883 0.662109 0.014648 0.653320 0.042969 0.652344 0.059570 0.658203 0.074219 0.655273 0.083984