1 0.000977 0.472656 0.000000 0.479492 0.000977 0.472656
1 0.001953 0.034180 0.000000 0.314453 0.016602 0.318359 0.029297 0.312500 0.039062 0.302734 0.039062 0.258789 0.060547 0.241211 0.107422 0.228516 0.109375 0.215820 0.103516 0.191406 0.088867 0.171875 0.077148 0.165039 0.070312 0.139648 0.067383 0.136719 0.051758 0.141602 0.044922 0.139648 0.039062 0.104492 0.055664 0.077148 0.054688 0.071289 0.039062 0.062500 0.036133 0.049805 0.021484 0.046875 0.001953 0.034180
1 0.046875 0.088867 0.041992 0.098633 0.046875 0.140625 0.049805 0.143555 0.071289 0.143555 0.076172 0.161133 0.106445 0.190430 0.111328 0.214844 0.119141 0.228516 0.152344 0.234375 0.161133 0.233398 0.173828 0.243164 0.181641 0.243164 0.196289 0.235352 0.214844 0.230469 0.235352 0.214844 0.258789 0.208984 0.265625 0.200195 0.263672 0.175781 0.267578 0.166992 0.279297 0.156250 0.283203 0.156250 0.291992 0.165039 0.295898 0.174805 0.313477 0.197266 0.320312 0.202148 0.328125 0.202148 0.330078 0.191406 0.323242 0.185547 0.319336 0.175781 0.323242 0.124023 0.315430 0.113281 0.317383 0.105469 0.309570 0.095703 0.306641 0.081055 0.295898 0.070312 0.292969 0.043945 0.271484 0.025391 0.268555 0.019531 0.247070 0.017578 0.226562 0.000000 0.125977 0.000000 0.101562 0.019531 0.096680 0.033203 0.080078 0.046875 0.065430 0.070312 0.046875 0.088867
1 0.382812 0.867188 0.379883 0.869141 0.382812 0.880859 0.386719 0.871094 0.391602 0.876953 0.394531 0.872070 0.401367 0.875977 0.398438 0.871094 0.389648 0.872070 0.382812 0.867188
1 0.367188 0.833008 0.365234 0.841797 0.369141 0.845703 0.375977 0.841797 0.382812 0.842773 0.385742 0.844727 0.386719 0.855469 0.390625 0.853516 0.387695 0.846680 0.393555 0.839844 0.389648 0.833984 0.374023 0.830078 0.367188 0.833008
1 0.328125 0.815430 0.326172 0.825195 0.329102 0.830078 0.362305 0.824219 0.355469 0.817383 0.337891 0.819336 0.333984 0.815430 0.328125 0.815430
1 0.316406 0.801758 0.314453 0.806641 0.328125 0.812500 0.334961 0.811523 0.334961 0.802734 0.324219 0.803711 0.320312 0.799805 0.316406 0.801758
1 0.027344 0.698242 0.026367 0.714844 0.032227 0.737305 0.036133 0.740234 0.037109 0.757812 0.030273 0.766602 0.006836 0.776367 0.000000 0.783203 0.000000 0.994141 0.011719 0.999023 0.046875 0.999023 0.050781 0.996094 0.070312 0.995117 0.087891 0.995117 0.098633 0.999023 0.206055 0.999023 0.208984 0.996094 0.230469 0.995117 0.279297 0.999023 0.284180 0.995117 0.304688 0.994141 0.317383 0.997070 0.350586 0.995117 0.359375 0.999023 0.375000 0.999023 0.389648 0.995117 0.398438 0.996094 0.400391 0.999023 0.407227 0.999023 0.410156 0.996094 0.431641 0.999023 0.458984 0.993164 0.456055 0.984375 0.443359 0.981445 0.427734 0.961914 0.417969 0.937500 0.411133 0.929688 0.411133 0.916016 0.404297 0.918945 0.402344 0.916992 0.396484 0.898438 0.390625 0.893555 0.385742 0.893555 0.388672 0.886719 0.380859 0.882812 0.369141 0.884766 0.364258 0.879883 0.359375 0.869141 0.366211 0.862305 0.362305 0.858398 0.356445 0.858398 0.347656 0.849609 0.342773 0.849609 0.342773 0.845703 0.338867 0.846680 0.333984 0.841797 0.334961 0.835938 0.331055 0.839844 0.327148 0.837891 0.324219 0.841797 0.315430 0.840820 0.312500 0.843750 0.315430 0.851562 0.313477 0.855469 0.303711 0.854492 0.297852 0.848633 0.291016 0.831055 0.283203 0.824219 0.280273 0.815430 0.271484 0.812500 0.265625 0.801758 0.255859 0.795898 0.250977 0.786133 0.251953 0.775391 0.260742 0.759766 0.269531 0.751953 0.272461 0.741211 0.234375 0.704102 0.222656 0.700195 0.196289 0.712891 0.181641 0.726562 0.177734 0.737305 0.171875 0.741211 0.147461 0.717773 0.136719 0.702148 0.119141 0.698242 0.090820 0.682617 0.077148 0.684570 0.072266 0.689453 0.042969 0.686523 0.037109 0.688477 0.027344 0.698242
1 0.611328 0.413086 0.612305 0.413086 0.612305 0.415039 0.611328 0.415039
1 0.622070 0.401367 0.623047 0.405273 0.622070 0.401367
1 0.616211 0.396484 0.615234 0.398438 0.616211 0.396484
1 0.108398 0.358398 0.104492 0.369141 0.105469 0.375977 0.113281 0.383789 0.115234 0.398438 0.133789 0.424805 0.139648 0.426758 0.151367 0.442383 0.159180 0.445312 0.167969 0.458984 0.193359 0.470703 0.202148 0.480469 0.211914 0.483398 0.216797 0.488281 0.233398 0.491211 0.253906 0.500000 0.261719 0.506836 0.273438 0.508789 0.281250 0.514648 0.286133 0.523438 0.295898 0.524414 0.304688 0.538086 0.299805 0.549805 0.301758 0.570312 0.309570 0.573242 0.331055 0.591797 0.346680 0.612305 0.369141 0.609375 0.387695 0.601562 0.396484 0.609375 0.411133 0.613281 0.423828 0.621094 0.450195 0.619141 0.494141 0.623047 0.509766 0.614258 0.525391 0.610352 0.539062 0.611328 0.555664 0.574219 0.570312 0.556641 0.573242 0.544922 0.581055 0.537109 0.587891 0.522461 0.592773 0.494141 0.589844 0.481445 0.599609 0.459961 0.600586 0.448242 0.610352 0.441406 0.610352 0.428711 0.615234 0.426758 0.620117 0.431641 0.619141 0.428711 0.624023 0.423828 0.623047 0.418945 0.616211 0.420898 0.606445 0.416016 0.604492 0.379883 0.565430 0.341797 0.562500 0.331055 0.548828 0.328125 0.517578 0.332031 0.494141 0.313477 0.479492 0.311523 0.464844 0.299805 0.448242 0.296875 0.431641 0.278320 0.411133 0.268555 0.404297 0.268555 0.346680 0.225586 0.341797 0.213867 0.334961 0.209961 0.312500 0.212891 0.299805 0.224609 0.254883 0.223633 0.237305 0.231445 0.230469 0.231445 0.215820 0.240234 0.193359 0.246094 0.186523 0.256836 0.183594 0.275391 0.168945 0.284180 0.165039 0.290039 0.164062 0.306641 0.156250 0.316406 0.156250 0.330078 0.130859 0.346680 0.115234 0.351562 0.108398 0.358398