1 0.609375 0.374023 0.609375 0.401367 0.615234 0.414062 0.630859 0.420898 0.632812 0.425781 0.643555 0.419922 0.646484 0.424805 0.659180 0.426758 0.672852 0.413086 0.674805 0.400391 0.666016 0.390625 0.660156 0.375000 0.621094 0.356445 0.614258 0.359375 0.609375 0.374023
1 0.522461 0.214844 0.522461 0.261719 0.516602 0.273438 0.517578 0.285156 0.511719 0.305664 0.512695 0.317383 0.535156 0.335938 0.542969 0.337891 0.549805 0.334961 0.558594 0.324219 0.564453 0.254883 0.564453 0.214844 0.558594 0.194336 0.551758 0.194336 0.541992 0.200195 0.536133 0.192383 0.522461 0.214844
1 0.545898 0.188477 0.541992 0.189453 0.546875 0.193359 0.545898 0.188477
1 0.543945 0.494141 0.539062 0.501953 0.559570 0.514648 0.572266 0.538086 0.623047 0.540039 0.638672 0.525391 0.634766 0.511719 0.654297 0.487305 0.656250 0.480469 0.651367 0.473633 0.647461 0.452148 0.629883 0.439453 0.620117 0.448242 0.597656 0.444336 0.587891 0.460938 0.543945 0.494141
1 0.801758 0.694336 0.805664 0.724609 0.823242 0.739258 0.832031 0.741211 0.844727 0.751953 0.862305 0.759766 0.911133 0.771484 0.931641 0.754883 0.935547 0.748047 0.936523 0.723633 0.945312 0.689453 0.939453 0.682617 0.927734 0.679688 0.920898 0.667969 0.907227 0.664062 0.898438 0.652344 0.881836 0.654297 0.855469 0.674805 0.833008 0.673828 0.801758 0.694336
1 0.777344 0.993164 0.779297 0.993164 0.779297 0.994141 0.777344 0.994141
1 0.660156 0.814453 0.658203 0.827148 0.664062 0.847656 0.677734 0.855469 0.680664 0.894531 0.685547 0.903320 0.697266 0.913086 0.705078 0.934570 0.716797 0.954102 0.726562 0.957031 0.741211 0.955078 0.750000 0.962891 0.748047 0.966797 0.750977 0.969727 0.760742 0.967773 0.771484 0.976562 0.775391 0.975586 0.779297 0.983398 0.793945 0.984375 0.796875 0.980469 0.807617 0.980469 0.813477 0.986328 0.817383 0.985352 0.822266 0.994141 0.837891 0.999023 0.938477 0.999023 0.941406 0.996094 0.962891 0.994141 0.962891 0.990234 0.966797 0.988281 0.974609 0.967773 0.970703 0.944336 0.981445 0.931641 0.985352 0.921875 0.982422 0.915039 0.984375 0.887695 0.981445 0.880859 0.965820 0.866211 0.960938 0.855469 0.939453 0.850586 0.930664 0.851562 0.922852 0.844727 0.916016 0.826172 0.915039 0.802734 0.910156 0.782227 0.897461 0.772461 0.874023 0.766602 0.855469 0.752930 0.844727 0.751953 0.833984 0.743164 0.821289 0.740234 0.811523 0.732422 0.786133 0.730469 0.775391 0.738281 0.761719 0.737305 0.729492 0.749023 0.713867 0.766602 0.702148 0.771484 0.693359 0.780273 0.685547 0.793945 0.673828 0.796875 0.660156 0.814453
1 0.884766 0.000000 0.883789 0.006836 0.891602 0.020508 0.896484 0.042969 0.914062 0.055664 0.925781 0.056641 0.935547 0.061523 0.964844 0.051758 0.969727 0.043945 0.976562 0.041016 0.984375 0.041016 0.993164 0.046875 0.999023 0.046875 0.997070 0.000000 0.884766 0.000000
1 0.773438 0.000000 0.767578 0.004883 0.779297 0.006836 0.787109 0.002930 0.787109 0.000000 0.773438 0.000000
1 0.743164 0.000000 0.743164 0.018555 0.749023 0.023438 0.756836 0.018555 0.764648 0.000000 0.743164 0.000000
1 0.735352 0.000000 0.722656 0.000000 0.723633 0.008789 0.730469 0.008789 0.735352 0.000000
1 0.059570 0.913086 0.059570 0.928711 0.063477 0.935547 0.083984 0.949219 0.090820 0.947266 0.100586 0.930664 0.100586 0.911133 0.096680 0.904297 0.088867 0.897461 0.080078 0.897461 0.068359 0.903320 0.059570 0.913086
1 0.011719 0.495117 0.009766 0.504883 0.000000 0.511719 0.000000 0.563477 0.003906 0.566406 0.003906 0.571289 0.000000 0.574219 0.000000 0.647461 0.003906 0.650391 0.000000 0.656250 0.001953 0.758789 0.014648 0.762695 0.032227 0.755859 0.051758 0.728516 0.061523 0.699219 0.070312 0.692383 0.106445 0.702148 0.130859 0.694336 0.140625 0.695312 0.156250 0.709961 0.163086 0.710938 0.185547 0.724609 0.208984 0.716797 0.221680 0.696289 0.219727 0.681641 0.222656 0.675781 0.227539 0.669922 0.242188 0.662109 0.257812 0.630859 0.257812 0.612305 0.252930 0.601562 0.253906 0.581055 0.245117 0.562500 0.231445 0.555664 0.220703 0.544922 0.203125 0.538086 0.187500 0.536133 0.177734 0.540039 0.166992 0.536133 0.158203 0.526367 0.157227 0.508789 0.150391 0.499023 0.141602 0.496094 0.126953 0.483398 0.112305 0.482422 0.101562 0.475586 0.074219 0.472656 0.065430 0.477539 0.055664 0.476562 0.042969 0.479492 0.035156 0.488281 0.021484 0.489258 0.011719 0.495117
1 0.757812 0.316406 0.755859 0.317383 0.758789 0.318359 0.757812 0.316406
1 0.638672 0.295898 0.639648 0.309570 0.649414 0.314453 0.663086 0.332031 0.664062 0.359375 0.667969 0.372070 0.666992 0.379883 0.670898 0.386719 0.671875 0.407227 0.670898 0.417969 0.663086 0.421875 0.659180 0.441406 0.676758 0.472656 0.685547 0.476562 0.683594 0.480469 0.723633 0.484375 0.744141 0.475586 0.751953 0.465820 0.752930 0.449219 0.756836 0.446289 0.761719 0.449219 0.769531 0.447266 0.765625 0.426758 0.767578 0.419922 0.775391 0.416016 0.799805 0.439453 0.814453 0.443359 0.823242 0.435547 0.825195 0.430664 0.817383 0.416016 0.827148 0.391602 0.809570 0.361328 0.786133 0.357422 0.775391 0.372070 0.768555 0.371094 0.761719 0.354492 0.770508 0.344727 0.759766 0.339844 0.753906 0.325195 0.745117 0.317383 0.745117 0.309570 0.740234 0.311523 0.718750 0.308594 0.702148 0.294922 0.695312 0.292969 0.685547 0.280273 0.670898 0.268555 0.666992 0.268555 0.638672 0.295898
1 0.542969 0.113281 0.542969 0.120117 0.546875 0.125977 0.546875 0.156250 0.558594 0.168945 0.565430 0.170898 0.574219 0.169922 0.587891 0.153320 0.607422 0.154297 0.613281 0.147461 0.614258 0.133789 0.618164 0.131836 0.647461 0.134766 0.683594 0.143555 0.695312 0.141602 0.703125 0.132812 0.703125 0.129883 0.694336 0.125000 0.624023 0.097656 0.613281 0.086914 0.606445 0.070312 0.590820 0.055664 0.574219 0.055664 0.566406 0.060547 0.559570 0.075195 0.555664 0.098633 0.542969 0.113281
1 0.481445 0.397461 0.479492 0.417969 0.482422 0.423828 0.500977 0.432617 0.514648 0.431641 0.515625 0.424805 0.523438 0.420898 0.567383 0.419922 0.574219 0.405273 0.575195 0.376953 0.568359 0.369141 0.534180 0.363281 0.494141 0.380859 0.481445 0.397461
1 0.873047 0.414062 0.872070 0.440430 0.875000 0.449219 0.883789 0.454102 0.907227 0.454102 0.919922 0.431641 0.918945 0.415039 0.911133 0.402344 0.889648 0.402344 0.873047 0.414062
1 0.638672 0.297852 0.639648 0.309570 0.650391 0.315430 0.663086 0.331055 0.665039 0.359375 0.668945 0.368164 0.684570 0.376953 0.698242 0.377930 0.713867 0.383789 0.728516 0.393555 0.733398 0.393555 0.739258 0.388672 0.748047 0.372070 0.754883 0.375977 0.756836 0.374023 0.757812 0.369141 0.751953 0.355469 0.757812 0.350586 0.759766 0.343750 0.754883 0.331055 0.734375 0.310547 0.712891 0.307617 0.696289 0.294922 0.671875 0.269531 0.666992 0.268555 0.638672 0.297852
1 0.319336 0.820312 0.318359 0.828125 0.324219 0.851562 0.336914 0.875977 0.350586 0.886719 0.356445 0.896484 0.355469 0.925781 0.365234 0.948242 0.366211 0.962891 0.373047 0.969727 0.389648 0.966797 0.397461 0.980469 0.404297 0.983398 0.414062 0.994141 0.425781 0.996094 0.427734 0.999023 0.451172 0.996094 0.458984 0.986328 0.465820 0.994141 0.473633 0.994141 0.483398 0.999023 0.505859 0.999023 0.522461 0.994141 0.529297 0.987305 0.541992 0.963867 0.567383 0.943359 0.568359 0.930664 0.577148 0.932617 0.599609 0.920898 0.608398 0.913086 0.612305 0.904297 0.612305 0.878906 0.621094 0.867188 0.620117 0.841797 0.591797 0.807617 0.570312 0.802734 0.564453 0.793945 0.546875 0.779297 0.544922 0.768555 0.535156 0.763672 0.530273 0.754883 0.508789 0.748047 0.424805 0.747070 0.392578 0.753906 0.346680 0.789062 0.319336 0.820312
1 0.025391 0.041992 0.016602 0.055664 0.014648 0.065430 0.000000 0.079102 0.000000 0.178711 0.006836 0.183594 0.024414 0.171875 0.035156 0.169922 0.063477 0.156250 0.071289 0.141602 0.089844 0.125977 0.089844 0.116211 0.095703 0.104492 0.095703 0.092773 0.099609 0.084961 0.100586 0.065430 0.109375 0.047852 0.102539 0.038086 0.081055 0.040039 0.078125 0.037109 0.078125 0.027344 0.068359 0.016602 0.046875 0.019531 0.041016 0.036133 0.025391 0.041992
1 0.658203 0.818359 0.657227 0.826172 0.664062 0.848633 0.667969 0.852539 0.675781 0.853516 0.678711 0.859375 0.682617 0.899414 0.698242 0.915039 0.705078 0.934570 0.715820 0.951172 0.739258 0.952148 0.756836 0.963867 0.791016 0.975586 0.805664 0.971680 0.814453 0.972656 0.832031 0.960938 0.841797 0.958984 0.868164 0.916016 0.886719 0.898438 0.897461 0.893555 0.911133 0.893555 0.916992 0.883789 0.914062 0.866211 0.917969 0.860352 0.918945 0.850586 0.914062 0.802734 0.908203 0.789062 0.901367 0.785156 0.893555 0.774414 0.859375 0.765625 0.837891 0.747070 0.821289 0.741211 0.810547 0.732422 0.786133 0.731445 0.776367 0.738281 0.757812 0.739258 0.730469 0.748047 0.713867 0.766602 0.697266 0.776367 0.687500 0.793945 0.672852 0.797852 0.658203 0.818359
1 0.636719 0.733398 0.632812 0.751953 0.623047 0.766602 0.640625 0.776367 0.646484 0.793945 0.661133 0.799805 0.665039 0.799805 0.709961 0.754883 0.708008 0.747070 0.712891 0.737305 0.710938 0.719727 0.693359 0.712891 0.671875 0.708008 0.653320 0.708984 0.648438 0.719727 0.636719 0.733398
1 0.032227 0.765625 0.029297 0.791992 0.036133 0.811523 0.052734 0.818359 0.082031 0.841797 0.109375 0.845703 0.124023 0.855469 0.131836 0.855469 0.141602 0.850586 0.154297 0.834961 0.166992 0.831055 0.170898 0.824219 0.178711 0.821289 0.194336 0.798828 0.200195 0.784180 0.208984 0.778320 0.197266 0.764648 0.195312 0.740234 0.187500 0.735352 0.183594 0.726562 0.171875 0.720703 0.161133 0.709961 0.155273 0.708984 0.144531 0.697266 0.137695 0.695312 0.126953 0.696289 0.109375 0.704102 0.086914 0.701172 0.076172 0.694336 0.068359 0.695312 0.063477 0.699219 0.054688 0.725586 0.032227 0.765625
0 0.583008 0.555664 0.584961 0.582031 0.581055 0.614258 0.581055 0.714844 0.600586 0.725586 0.627930 0.727539 0.639648 0.724609 0.650391 0.708984 0.662109 0.706055 0.684570 0.706055 0.699219 0.713867 0.712891 0.714844 0.718750 0.723633 0.724609 0.725586 0.799805 0.724609 0.798828 0.694336 0.802734 0.689453 0.813477 0.685547 0.830078 0.671875 0.855469 0.670898 0.880859 0.652344 0.889648 0.650391 0.900391 0.651367 0.909180 0.661133 0.921875 0.664062 0.932617 0.674805 0.962891 0.680664 0.966797 0.685547 0.980469 0.687500 0.999023 0.681641 0.999023 0.586914 0.996094 0.584961 0.999023 0.581055 0.999023 0.564453 0.996094 0.561523 0.992188 0.523438 0.985352 0.511719 0.987305 0.505859 0.983398 0.505859 0.977539 0.514648 0.974609 0.509766 0.969727 0.510742 0.967773 0.523438 0.946289 0.528320 0.943359 0.525391 0.943359 0.513672 0.938477 0.508789 0.934570 0.509766 0.928711 0.505859 0.922852 0.509766 0.879883 0.505859 0.869141 0.500977 0.867188 0.485352 0.834961 0.483398 0.825195 0.491211 0.816406 0.491211 0.815430 0.500977 0.811523 0.504883 0.751953 0.505859 0.744141 0.533203 0.646484 0.528320 0.637695 0.531250 0.628906 0.542969 0.614258 0.551758 0.598633 0.545898 0.584961 0.545898 0.583008 0.555664
0 0.126953 0.942383 0.125977 0.953125 0.143555 0.999023 0.373047 0.999023 0.381836 0.996094 0.393555 0.999023 0.393555 0.989258 0.386719 0.973633 0.374023 0.978516 0.366211 0.973633 0.357422 0.953125 0.351562 0.922852 0.341797 0.900391 0.327148 0.875000 0.320312 0.854492 0.317383 0.851562 0.306641 0.850586 0.303711 0.836914 0.286133 0.796875 0.263672 0.801758 0.229492 0.816406 0.228516 0.822266 0.239258 0.865234 0.206055 0.885742 0.188477 0.889648 0.180664 0.902344 0.148438 0.918945 0.126953 0.942383
0 0.321289 0.465820 0.312500 0.541992 0.308594 0.553711 0.307617 0.584961 0.303711 0.597656 0.289062 0.600586 0.292969 0.601562 0.289062 0.606445 0.296875 0.621094 0.293945 0.676758 0.303711 0.684570 0.355469 0.694336 0.363281 0.678711 0.402344 0.677734 0.413086 0.616211 0.423828 0.602539 0.421875 0.560547 0.432617 0.473633 0.424805 0.468750 0.379883 0.463867 0.324219 0.460938 0.321289 0.465820
0 0.261719 0.319336 0.251953 0.402344 0.247070 0.422852 0.248047 0.439453 0.272461 0.447266 0.350586 0.460938 0.418945 0.466797 0.440430 0.465820 0.450195 0.400391 0.450195 0.393555 0.444336 0.383789 0.444336 0.375000 0.462891 0.240234 0.462891 0.216797 0.433594 0.212891 0.407227 0.204102 0.344727 0.200195 0.340820 0.209961 0.337891 0.251953 0.329102 0.292969 0.316406 0.294922 0.292969 0.289062 0.268555 0.288086 0.261719 0.319336
0 0.000977 0.197266 0.000000 0.207126 0.002930 0.208008 0.000000 0.216986 0.003906 0.217773 0.000000 0.221916 0.004883 0.227539 0.000000 0.226846 0.000000 0.502930 0.003906 0.500000 0.004883 0.494141 0.023438 0.479492 0.022461 0.464844 0.033203 0.457031 0.031250 0.435547 0.026367 0.427734 0.017578 0.422852 0.015625 0.416016 0.013672 0.347656 0.005859 0.312500 0.007812 0.309570 0.039062 0.307617 0.041016 0.304688 0.039062 0.271484 0.032227 0.231445 0.010742 0.229492 0.000977 0.197266
0 0.218750 0.235352 0.216797 0.301758 0.261719 0.312500 0.258789 0.352539 0.247070 0.420898 0.247070 0.438477 0.279297 0.451172 0.307617 0.453125 0.321289 0.458984 0.318359 0.503906 0.310547 0.549805 0.306641 0.554688 0.298828 0.556641 0.294922 0.563477 0.298828 0.570312 0.294922 0.574219 0.294922 0.584961 0.290039 0.588867 0.288086 0.604492 0.289062 0.617188 0.293945 0.623047 0.296875 0.636719 0.294922 0.675781 0.303711 0.683594 0.350586 0.693359 0.355469 0.693359 0.359375 0.683594 0.364258 0.680664 0.400391 0.678711 0.404297 0.671875 0.414062 0.612305 0.422852 0.601562 0.422852 0.540039 0.431641 0.472656 0.441406 0.465820 0.447266 0.445312 0.480469 0.446289 0.485352 0.440430 0.485352 0.433594 0.477539 0.419922 0.476562 0.401367 0.487305 0.386719 0.494141 0.366211 0.492188 0.327148 0.511719 0.298828 0.513672 0.275391 0.520508 0.258789 0.517578 0.245117 0.519531 0.212891 0.529297 0.195312 0.533203 0.157227 0.523438 0.150391 0.497070 0.146484 0.469727 0.148438 0.461914 0.144531 0.457031 0.135742 0.451172 0.138672 0.449219 0.135742 0.445964 0.140625 0.442383 0.138672 0.443359 0.135742 0.438477 0.137695 0.438477 0.131836 0.431641 0.125977 0.393555 0.125977 0.386719 0.131836 0.375977 0.134766 0.365234 0.131836 0.363281 0.114258 0.356445 0.112305 0.359375 0.103516 0.373047 0.095703 0.374023 0.083008 0.372070 0.074219 0.365234 0.077148 0.351562 0.067383 0.348633 0.055664 0.348633 0.015625 0.310547 0.007812 0.299805 0.008789 0.292969 0.004883 0.257812 0.001953 0.253906 0.003906 0.250000 0.035156 0.244141 0.049805 0.241211 0.070312 0.236328 0.077148 0.218750 0.235352