1 0.228516 0.852539 0.234375 0.871094 0.241211 0.879883 0.243164 0.928711 0.240234 0.946289 0.245117 0.950195 0.248047 0.962891 0.241211 0.967773 0.238281 0.963867 0.234375 0.964844 0.227539 0.973633 0.256836 0.973633 0.261719 0.978516 0.266602 0.965820 0.278320 0.959961 0.284180 0.962891 0.284180 0.973633 0.297852 0.988281 0.304688 0.989258 0.310547 0.995117 0.341797 0.996094 0.344727 0.999023 0.346680 0.996094 0.357422 0.995117 0.369141 0.996094 0.371094 0.999023 0.400391 0.999023 0.407227 0.991211 0.420898 0.986328 0.428711 0.989258 0.431641 0.994141 0.443359 0.992188 0.453125 0.999023 0.476562 0.999023 0.485352 0.994141 0.481445 0.986328 0.455078 0.966797 0.445312 0.955078 0.444336 0.937500 0.448242 0.926758 0.453125 0.917969 0.471680 0.901367 0.472656 0.895508 0.470703 0.886719 0.460938 0.875977 0.463867 0.862305 0.451172 0.816406 0.451172 0.803711 0.442383 0.792969 0.431641 0.758789 0.419922 0.737305 0.421875 0.733398 0.416016 0.728516 0.413086 0.719727 0.397461 0.715820 0.372070 0.729492 0.351562 0.732422 0.337891 0.738281 0.329102 0.737305 0.315430 0.751953 0.292969 0.750977 0.284180 0.753906 0.278320 0.765625 0.281250 0.794922 0.267578 0.814453 0.250977 0.812500 0.247070 0.816406 0.239258 0.825195 0.238281 0.834961 0.230469 0.844727 0.228516 0.852539
1 0.020508 0.469727 0.015625 0.487305 0.007812 0.500977 0.007812 0.514648 0.020508 0.528320 0.039062 0.537109 0.046875 0.550781 0.062500 0.558594 0.091797 0.555664 0.110352 0.536133 0.122070 0.530273 0.127930 0.530273 0.149414 0.541016 0.187500 0.543945 0.196289 0.542969 0.203125 0.534180 0.204102 0.525391 0.196289 0.500977 0.176758 0.483398 0.168945 0.469727 0.161133 0.462891 0.139648 0.457031 0.111328 0.454102 0.094727 0.446289 0.084961 0.445312 0.067383 0.453125 0.052734 0.448242 0.038086 0.450195 0.030273 0.455078 0.020508 0.469727
1 0.115234 0.722656 0.113281 0.741211 0.128906 0.750000 0.139648 0.767578 0.161133 0.779297 0.172852 0.782227 0.186523 0.792969 0.203125 0.791016 0.213867 0.779297 0.248047 0.763672 0.258789 0.746094 0.261719 0.723633 0.254883 0.701172 0.260742 0.686523 0.260742 0.671875 0.251953 0.660156 0.231445 0.649414 0.205078 0.654297 0.178711 0.642578 0.170898 0.642578 0.163086 0.653320 0.163086 0.658203 0.168945 0.664062 0.168945 0.671875 0.156250 0.677734 0.146484 0.691406 0.141602 0.691406 0.140625 0.688477 0.134766 0.692383 0.124023 0.704102 0.115234 0.722656
1 0.027344 0.617188 0.025391 0.678711 0.028320 0.683594 0.051758 0.701172 0.057617 0.711914 0.059570 0.724609 0.085938 0.740234 0.098633 0.736328 0.110352 0.738281 0.117188 0.714844 0.130859 0.697266 0.157227 0.677734 0.176758 0.673828 0.177734 0.660156 0.167969 0.651367 0.170898 0.641602 0.177734 0.641602 0.206055 0.654297 0.211914 0.651367 0.212891 0.629883 0.223633 0.602539 0.223633 0.570312 0.219727 0.559570 0.207031 0.548828 0.147461 0.541992 0.134766 0.535156 0.122070 0.533203 0.112305 0.538086 0.096680 0.557617 0.076172 0.568359 0.055664 0.565430 0.044922 0.580078 0.033203 0.588867 0.027344 0.617188
1 0.007812 0.403320 0.000000 0.411133 0.000000 0.587891 0.022461 0.588867 0.035156 0.575195 0.036133 0.556641 0.041992 0.540039 0.011719 0.517578 0.008789 0.508789 0.009766 0.498047 0.023438 0.472656 0.027344 0.456055 0.037109 0.452148 0.047852 0.442383 0.049805 0.428711 0.040039 0.416016 0.027344 0.407227 0.014648 0.402344 0.007812 0.403320
1 0.002930 0.225586 0.000000 0.225586 0.000000 0.233398 0.002930 0.225586
1 0.007812 0.001953 0.000000 0.003906 0.002930 0.014648 0.000000 0.015625 0.017578 0.021484 0.022461 0.020508 0.028320 0.025391 0.027344 0.041992 0.014648 0.057617 0.000000 0.065430 0.000000 0.132812 0.006836 0.138672 0.000000 0.149414 0.000000 0.211914 0.007812 0.219727 0.005859 0.226562 0.012695 0.235352 0.004883 0.244141 0.008789 0.248047 0.000000 0.252930 0.000000 0.269531 0.003906 0.271484 0.000000 0.278320 0.000000 0.290039 0.007812 0.285156 0.012695 0.293945 0.021484 0.293945 0.027344 0.286133 0.032227 0.286133 0.033203 0.279297 0.038086 0.273438 0.036133 0.263672 0.039062 0.260742 0.052734 0.259766 0.070312 0.270508 0.094727 0.265625 0.098633 0.268555 0.123047 0.268555 0.140625 0.286133 0.161133 0.289062 0.164062 0.286133 0.163086 0.281250 0.168945 0.279297 0.170898 0.274414 0.181641 0.273438 0.192383 0.262695 0.202148 0.261719 0.212891 0.251953 0.238281 0.243164 0.257812 0.231445 0.264648 0.221680 0.268555 0.210938 0.279297 0.196289 0.278320 0.178711 0.281250 0.166016 0.275391 0.158203 0.277344 0.154297 0.280273 0.158203 0.283203 0.154297 0.279297 0.149414 0.274414 0.157227 0.269531 0.156250 0.266602 0.152344 0.269531 0.150391 0.268555 0.145508 0.261719 0.150391 0.258789 0.147461 0.259766 0.136719 0.272461 0.130859 0.276367 0.120117 0.284180 0.117188 0.288086 0.104492 0.307617 0.098633 0.313477 0.102539 0.317383 0.100586 0.324219 0.105469 0.335938 0.107422 0.348633 0.101562 0.345703 0.071289 0.355469 0.053711 0.353516 0.035156 0.355469 0.021484 0.361328 0.008789 0.359375 0.000000 0.294922 0.000000 0.281250 0.004883 0.275391 0.004883 0.268555 0.000000 0.209961 0.000000 0.196289 0.004883 0.185547 0.003906 0.179688 0.000000 0.142578 0.000000 0.135742 0.004883 0.123047 0.004883 0.120117 0.000000 0.094727 0.000000 0.082031 0.004883 0.055664 0.003906 0.044922 0.007812 0.041016 0.004883 0.018555 0.004883 0.007812 0.001953
1 0.476562 0.965820 0.477539 0.965820 0.477539 0.966797 0.476562 0.966797
1 0.179688 0.938477 0.178711 0.942383 0.186523 0.949219 0.185547 0.952148 0.192383 0.938477 0.187500 0.935547 0.179688 0.938477
1 0.205078 0.934570 0.206055 0.941406 0.217773 0.939453 0.213867 0.935547 0.205078 0.934570
1 0.435547 0.716797 0.434570 0.726562 0.440430 0.727539 0.444336 0.740234 0.454102 0.739258 0.456055 0.731445 0.449219 0.714844 0.441406 0.711914 0.435547 0.716797
1 0.282227 0.753906 0.277344 0.766602 0.280273 0.793945 0.273438 0.806641 0.266602 0.814453 0.249023 0.812500 0.238281 0.824219 0.237305 0.834961 0.228516 0.848633 0.228516 0.864258 0.232422 0.873047 0.240234 0.878906 0.240234 0.908203 0.243164 0.921875 0.238281 0.938477 0.225586 0.945312 0.222656 0.951172 0.202148 0.955078 0.203125 0.959961 0.191406 0.964844 0.191406 0.973633 0.184570 0.979492 0.178711 0.978516 0.174805 0.971680 0.166016 0.969727 0.163086 0.962891 0.167969 0.951172 0.158203 0.942383 0.179688 0.928711 0.166992 0.931641 0.150391 0.926758 0.143555 0.931641 0.143555 0.940430 0.130859 0.958984 0.091797 0.977539 0.074219 0.975586 0.070312 0.981445 0.066406 0.979492 0.063477 0.982422 0.052734 0.982422 0.056641 0.983398 0.053711 0.999023 0.082031 0.999023 0.083984 0.996094 0.095703 0.994141 0.097656 0.990234 0.104492 0.999023 0.137695 0.999023 0.139648 0.994141 0.142578 0.999023 0.149414 0.999023 0.155273 0.995117 0.171875 0.996094 0.176758 0.992188 0.190430 0.999023 0.248047 0.999023 0.250000 0.996094 0.285156 0.995117 0.294922 0.995117 0.298828 0.999023 0.483398 0.999023 0.488281 0.994141 0.488281 0.989258 0.472656 0.975586 0.486328 0.962891 0.492188 0.963867 0.503906 0.974609 0.508789 0.969727 0.515625 0.977539 0.518555 0.973633 0.522461 0.975586 0.523438 0.972656 0.518555 0.969727 0.522461 0.967773 0.521484 0.962891 0.524414 0.959961 0.536133 0.970703 0.544922 0.970703 0.544922 0.980469 0.548828 0.989258 0.560547 0.999023 0.590820 0.999023 0.592773 0.996094 0.602539 0.996094 0.605469 0.999023 0.668945 0.999023 0.695312 0.997070 0.701172 0.993164 0.702148 0.984375 0.690430 0.955078 0.692383 0.914062 0.670898 0.880859 0.664062 0.859375 0.652344 0.848633 0.642578 0.828125 0.643555 0.816406 0.632812 0.806641 0.628906 0.797852 0.625977 0.786133 0.626953 0.755859 0.624023 0.747070 0.617188 0.741211 0.609375 0.742188 0.580078 0.706055 0.573242 0.699219 0.563477 0.697266 0.556641 0.689453 0.542969 0.692383 0.525391 0.681641 0.512695 0.701172 0.504883 0.695312 0.500977 0.700195 0.491211 0.703125 0.486328 0.699219 0.470703 0.709961 0.462891 0.710938 0.458984 0.716797 0.456055 0.714844 0.425781 0.730469 0.411133 0.710938 0.396484 0.709961 0.375977 0.716797 0.369141 0.713867 0.362305 0.716797 0.359375 0.714844 0.346680 0.731445 0.325195 0.737305 0.314453 0.750000 0.292969 0.750000 0.282227 0.753906
1 0.127930 0.842773 0.126953 0.856445 0.129883 0.863281 0.149414 0.882812 0.175781 0.877930 0.182617 0.862305 0.179688 0.820312 0.147461 0.819336 0.137695 0.826172 0.127930 0.842773
0 0.182617 0.826172 0.184570 0.864258 0.178711 0.881836 0.178711 0.900391 0.172852 0.920898 0.186523 0.925781 0.237305 0.929688 0.238281 0.884766 0.224609 0.870117 0.224609 0.852539 0.226562 0.844727 0.234375 0.834961 0.240234 0.806641 0.190430 0.796875 0.186523 0.799805 0.182617 0.826172
0 0.004883 0.625000 0.000000 0.625000 0.000000 0.962891 0.063477 0.962891 0.123047 0.957031 0.125977 0.955078 0.125977 0.947266 0.118164 0.907227 0.122070 0.887695 0.123047 0.841797 0.059570 0.837891 0.061523 0.830078 0.049805 0.706055 0.024414 0.686523 0.020508 0.671875 0.012695 0.665039 0.008789 0.631836 0.004883 0.625000