1 0.993164 0.000000 0.902344 0.000000 0.902344 0.004883 0.927734 0.056641 0.946289 0.060547 0.975586 0.056641 0.989258 0.051758 0.999023 0.033203 0.999023 0.007812
1 0.052734 0.709961 0.052734 0.731445 0.062500 0.762695 0.056641 0.778320 0.039062 0.792969 0.041992 0.799805 0.035156 0.806641 0.039062 0.813477 0.035156 0.817383 0.035156 0.824219 0.039062 0.827148 0.037109 0.852539 0.041992 0.860352 0.044922 0.875977 0.042969 0.895508 0.049805 0.907227 0.069336 0.919922 0.075195 0.931641 0.090820 0.945312 0.110352 0.949219 0.130859 0.962891 0.144531 0.963867 0.159180 0.981445 0.172852 0.989258 0.204102 0.991211 0.223633 0.999023 0.320312 0.999023 0.328125 0.995117 0.387695 0.999023 0.390625 0.995117 0.422852 0.994141 0.425781 0.989258 0.431641 0.987305 0.438477 0.989258 0.443359 0.996094 0.459961 0.994141 0.456055 0.958008 0.445312 0.942383 0.447266 0.935547 0.453125 0.931641 0.453125 0.922852 0.456055 0.919922 0.459961 0.922852 0.460938 0.919922 0.459961 0.913086 0.452148 0.909180 0.443359 0.879883 0.452148 0.869141 0.452148 0.865234 0.443359 0.856445 0.430664 0.857422 0.426758 0.855469 0.426758 0.851562 0.405273 0.847656 0.389648 0.832031 0.383789 0.834961 0.375977 0.833008 0.358398 0.820312 0.349609 0.803711 0.353516 0.796875 0.354492 0.782227 0.366211 0.780273 0.373047 0.770508 0.372070 0.753906 0.378906 0.753906 0.388672 0.748047 0.404297 0.753906 0.407227 0.747070 0.405273 0.738281 0.400391 0.734375 0.407227 0.730469 0.413086 0.708984 0.410156 0.706055 0.411133 0.699219 0.408203 0.698242 0.408203 0.688477 0.399414 0.681641 0.395508 0.672852 0.396484 0.664062 0.392578 0.657227 0.384766 0.656250 0.379883 0.662109 0.376953 0.657227 0.373047 0.657227 0.362305 0.666016 0.344727 0.663086 0.339844 0.669922 0.336914 0.665039 0.327148 0.664062 0.324219 0.667969 0.324219 0.676758 0.311523 0.670898 0.296875 0.672852 0.288086 0.666016 0.285156 0.658203 0.272461 0.650391 0.248047 0.650391 0.234375 0.661133 0.195312 0.658203 0.176758 0.663086 0.167969 0.658203 0.157227 0.667969 0.149414 0.670898 0.143555 0.678711 0.141602 0.674805 0.129883 0.679688 0.109375 0.677734 0.087891 0.691406 0.062500 0.699219
1 0.470703 0.323242 0.465820 0.337891 0.465820 0.351562 0.471680 0.361328 0.467773 0.368164 0.470703 0.379883 0.480469 0.383789 0.498047 0.377930 0.511719 0.376953 0.519531 0.363281 0.519531 0.349609 0.515625 0.338867 0.502930 0.333008 0.498047 0.321289 0.487305 0.314453
1 0.532227 0.077148 0.529297 0.090820 0.538086 0.102539 0.553711 0.109375 0.559570 0.106445 0.566406 0.093750 0.566406 0.082031 0.562500 0.074219 0.556641 0.068359 0.544922 0.067383
1 0.438477 0.435547 0.435547 0.460938 0.437500 0.475586 0.468750 0.507812 0.490234 0.507812 0.497070 0.503906 0.512695 0.481445 0.515625 0.458984 0.515625 0.441406 0.504883 0.416992 0.494141 0.409180 0.476562 0.404297 0.447266 0.416016 0.441406 0.422852
1 0.636719 0.525391 0.639648 0.550781 0.651367 0.566406 0.647461 0.580078 0.663086 0.594727 0.670898 0.588867 0.686523 0.585938 0.701172 0.576172 0.713867 0.576172 0.718750 0.561523 0.726562 0.552734 0.723633 0.544922 0.710938 0.541016 0.688477 0.522461 0.678711 0.521484 0.667969 0.501953 0.653320 0.506836 0.641602 0.516602
0 0.878906 0.323242 0.877930 0.335938 0.901367 0.432617 0.905273 0.435547 0.946289 0.427734 0.951172 0.387695 0.938477 0.310547 0.923828 0.303711 0.887695 0.312500
0 0.774414 0.666992 0.773438 0.674805 0.795898 0.817383 0.796875 0.838867 0.801758 0.852539 0.797852 0.859375 0.803711 0.865234 0.818359 0.949219 0.822266 0.957031 0.823242 0.977539 0.830078 0.999023 0.883789 0.999023 0.885742 0.996094 0.893555 0.999023 0.979492 0.999023 0.984375 0.996094 0.999023 0.996094 0.999023 0.924805 0.995117 0.913086 0.984375 0.916016 0.976562 0.914062 0.975586 0.887695 0.963867 0.817383 0.941406 0.710938 0.935547 0.655273 0.927734 0.629883 0.918945 0.627930 0.836914 0.655273 0.819336 0.656250
0 0.819336 0.358398 0.820312 0.364258 0.815430 0.362305 0.816406 0.366211 0.822266 0.363281 0.822266 0.358398
0 0.823242 0.355469 0.824219 0.355469 0.824219 0.356445 0.823242 0.356445
0 0.608398 0.274414 0.621094 0.321289 0.624023 0.343750 0.595703 0.353516 0.592773 0.355469 0.592773 0.361328 0.610352 0.438477 0.614258 0.469727 0.620117 0.485352 0.629883 0.494141 0.640625 0.496094 0.652344 0.486328 0.659180 0.486328 0.660156 0.494141 0.660156 0.487305 0.667969 0.488281 0.676758 0.514648 0.685547 0.517578 0.699219 0.510742 0.726562 0.505859 0.761719 0.489258 0.763672 0.483398 0.769531 0.479492 0.823242 0.461914 0.829102 0.456055 0.831055 0.445312 0.837891 0.445312 0.851562 0.436523 0.894531 0.428711 0.893555 0.418945 0.879883 0.386719 0.882812 0.373047 0.879883 0.356445 0.875977 0.350586 0.862305 0.350586 0.851562 0.341797 0.838867 0.345703 0.834961 0.348633 0.835938 0.356445 0.831055 0.361328 0.829102 0.371094 0.824219 0.372070 0.818359 0.379883 0.812500 0.376953 0.811523 0.365234 0.805664 0.363281 0.797852 0.354492 0.789062 0.310547 0.790039 0.285156 0.778320 0.244141 0.749023 0.250000 0.718750 0.262695 0.715820 0.260742 0.709961 0.241211 0.703125 0.240234 0.648438 0.259766 0.622070 0.263672 0.616211 0.272461
0 0.014648 0.008789 0.013672 0.035156 0.021484 0.097656 0.041016 0.167969 0.047852 0.177734 0.243164 0.137695 0.259766 0.123047 0.258789 0.118164 0.261719 0.115234 0.264648 0.119141 0.281250 0.098633 0.273438 0.093750 0.280273 0.090332 0.276367 0.086914 0.280273 0.083984 0.276367 0.060547 0.279297 0.052734 0.275391 0.050781 0.275391 0.032227 0.268555 0.025391 0.272461 0.020508 0.268555 0.005859 0.262695 0.012695 0.252930 0.010742 0.250977 0.007812 0.235352 0.007812 0.223633 0.012695 0.217773 0.000000 0.143555 0.000000 0.140625 0.002930 0.125000 0.000000 0.062500 0.000000 0.059570 0.002930 0.041992 0.003906 0.021484 0.000000
0 0.551758 0.000000 0.554688 0.007812 0.550781 0.018555 0.556641 0.051758 0.566406 0.053711 0.587891 0.047852 0.593750 0.062500 0.717773 0.037109 0.776367 0.023438 0.784180 0.018555 0.781250 0.000000
0 0.753906 0.540039 0.754883 0.554688 0.764648 0.572266 0.775391 0.614258 0.817383 0.605469 0.835938 0.598633 0.896484 0.587891 0.899414 0.584961 0.898438 0.572266 0.911133 0.561523 0.902344 0.509766 0.899414 0.506836 0.882812 0.505859 0.838867 0.512695 0.827148 0.516602 0.818359 0.524414 0.775391 0.531250
1 0.001953 0.450195 0.000000 0.703125 0.014648 0.704102 0.059570 0.677734 0.065430 0.670898 0.074219 0.646484 0.064453 0.623047 0.064453 0.603516 0.073242 0.600586 0.088867 0.581055 0.092773 0.562500 0.102539 0.541992 0.102539 0.532227 0.094727 0.507812 0.087891 0.500977 0.074219 0.494141 0.062500 0.498047 0.046875 0.484375 0.036133 0.466797 0.015625 0.464844