1 0.827148 0.181641 0.830078 0.194336 0.829102 0.216797 0.841797 0.250977 0.852539 0.241211 0.875977 0.239258 0.886719 0.248047 0.891602 0.258789 0.898438 0.263672 0.909180 0.259766 0.917969 0.267578 0.931641 0.271484 0.960938 0.245117 0.961914 0.231445 0.967773 0.215820 0.966797 0.197266 0.955078 0.158203 0.943359 0.149414 0.933594 0.148438 0.919922 0.139648 0.915039 0.139648 0.900391 0.148438 0.891602 0.137695 0.883789 0.136719 0.867188 0.150391 0.849609 0.150391 0.841797 0.153320 0.833984 0.162109
1 0.063477 0.231445 0.062500 0.238281 0.083008 0.264648 0.108398 0.282227 0.113281 0.282227 0.141602 0.257812 0.142578 0.244141 0.136719 0.227539 0.127930 0.217773 0.118164 0.212891 0.105469 0.212891 0.099609 0.208984 0.082031 0.211914 0.070312 0.219727
1 0.807617 0.926758 0.804688 0.943359 0.796875 0.955078 0.796875 0.974609 0.800781 0.979492 0.806641 0.978516 0.812500 0.984375 0.817383 0.999023 0.869141 0.999023 0.881836 0.996094 0.916992 0.999023 0.926758 0.995117 0.956055 0.996094 0.971680 0.992188 0.980469 0.994141 0.973633 0.989258 0.976562 0.977539 0.980469 0.973633 0.989258 0.973633 0.986328 0.969727 0.994141 0.964844 0.999023 0.957031 0.999023 0.896484 0.996094 0.891602 0.999023 0.879883 0.999023 0.809570 0.993164 0.791992 0.982422 0.784180 0.966797 0.777344 0.959961 0.777344 0.952148 0.790039 0.942383 0.791016 0.934570 0.799805 0.915039 0.798828 0.904297 0.803711 0.885742 0.824219 0.871094 0.850586 0.866211 0.866211 0.866211 0.876953 0.875000 0.890625 0.870117 0.911133 0.863281 0.915039 0.855469 0.911133 0.829102 0.921875 0.813477 0.921875
1 0.837891 0.366211 0.834961 0.375000 0.839844 0.382812 0.844727 0.383789 0.855469 0.375977 0.859375 0.378906 0.857422 0.412109 0.866211 0.421875 0.867188 0.431641 0.858398 0.443359 0.857422 0.450195 0.863281 0.456055 0.875977 0.460938 0.880859 0.467773 0.881836 0.499023 0.876953 0.511719 0.869141 0.518555 0.870117 0.528320 0.878906 0.544922 0.901367 0.563477 0.914062 0.563477 0.935547 0.574219 0.953125 0.571289 0.962891 0.562500 0.980469 0.562500 0.990234 0.556641 0.995117 0.549805 0.993164 0.520508 0.996094 0.497070 0.999023 0.494141 0.999023 0.481445 0.994141 0.473633 0.996094 0.466797 0.993164 0.442383 0.999023 0.427734 0.999023 0.408203 0.994141 0.401367 0.999023 0.384766 0.999023 0.323242 0.996094 0.319336 0.992188 0.290039 0.979492 0.284180 0.961914 0.295898 0.946289 0.301758 0.932617 0.313477 0.892578 0.315430 0.881836 0.332031 0.867188 0.336914
1 0.036133 0.510742 0.036133 0.528320 0.050781 0.540039 0.063477 0.539062 0.076172 0.526367 0.076172 0.514648 0.065430 0.503906 0.046875 0.502930
1 0.065430 0.803711 0.065430 0.816406 0.073242 0.833008 0.091797 0.843750 0.110352 0.841797 0.118164 0.845703 0.129883 0.845703 0.152344 0.842773 0.185547 0.834961 0.193359 0.829102 0.195312 0.823242 0.196289 0.792969 0.190430 0.779297 0.174805 0.758789 0.142578 0.743164 0.118164 0.744141 0.099609 0.750977 0.074219 0.781250
1 0.638672 0.348633 0.640625 0.367188 0.634766 0.383789 0.639648 0.393555 0.678711 0.401367 0.695312 0.438477 0.703125 0.433594 0.718750 0.432617 0.730469 0.418945 0.733398 0.410156 0.728516 0.355469 0.733398 0.340820 0.730469 0.331055 0.718750 0.321289 0.700195 0.294922 0.688477 0.286133 0.681641 0.286133 0.672852 0.295898 0.665039 0.298828 0.647461 0.320312 0.648438 0.332031
1 0.456055 0.712891 0.454102 0.738281 0.459961 0.754883 0.461914 0.776367 0.458984 0.793945 0.465820 0.812500 0.478516 0.819336 0.479492 0.834961 0.483398 0.837891 0.500000 0.838867 0.504883 0.849609 0.521484 0.862305 0.542969 0.865234 0.552734 0.892578 0.563477 0.903320 0.592773 0.919922 0.600586 0.928711 0.615234 0.956055 0.620117 0.974609 0.625977 0.977539 0.635742 0.975586 0.647461 0.983398 0.653320 0.983398 0.664062 0.995117 0.682617 0.995117 0.685547 0.992188 0.688477 0.994141 0.694336 0.989258 0.704102 0.988281 0.712891 0.981445 0.734375 0.975586 0.727539 0.959961 0.731445 0.950195 0.729492 0.941406 0.735352 0.928711 0.749023 0.914062 0.764648 0.904297 0.768555 0.884766 0.768555 0.875000 0.763672 0.866211 0.748047 0.856445 0.743164 0.849609 0.745117 0.841797 0.742188 0.836914 0.744141 0.830078 0.748047 0.828125 0.747070 0.821289 0.755859 0.813477 0.761719 0.801758 0.756836 0.794922 0.749023 0.793945 0.735352 0.775391 0.734375 0.760742 0.742188 0.740234 0.739258 0.732422 0.732422 0.732422 0.700195 0.746094 0.694336 0.726562 0.689453 0.720703 0.681641 0.716797 0.657227 0.719727 0.636719 0.712891 0.625977 0.694336 0.595703 0.682617 0.570312 0.662109 0.555664 0.661133 0.541992 0.664062 0.524414 0.650391 0.511719 0.652344 0.470703 0.675781 0.461914 0.687500 0.459961 0.707031
1 0.558594 0.077148 0.559570 0.103516 0.568359 0.126953 0.580078 0.146484 0.606445 0.171875 0.633789 0.171875 0.646484 0.161133 0.649414 0.143555 0.653320 0.138672 0.678711 0.136719 0.672852 0.129883 0.673828 0.116211 0.663086 0.102539 0.649414 0.091797 0.657227 0.068359 0.654297 0.049805 0.640625 0.030273 0.616211 0.011719 0.587891 0.012695 0.570312 0.023438 0.568359 0.036133 0.574219 0.046875 0.562500 0.064453
1 0.777344 0.286133 0.769531 0.301758 0.772461 0.336914 0.770508 0.361328 0.777344 0.395508 0.795898 0.410156 0.813477 0.413086 0.827148 0.402344 0.831055 0.390625 0.829102 0.374023 0.834961 0.363281 0.848633 0.349609 0.851562 0.341797 0.849609 0.331055 0.835938 0.305664 0.833984 0.293945 0.837891 0.282227 0.833984 0.275391 0.823242 0.275391 0.807617 0.267578 0.798828 0.266602
0 0.766602 0.709961 0.770508 0.722656 0.765625 0.730469 0.770508 0.737305 0.811523 0.762695 0.823242 0.757812 0.860352 0.758789 0.885742 0.783203 0.897461 0.799805 0.915039 0.795898 0.933594 0.795898 0.942383 0.787109 0.950195 0.787109 0.961914 0.773438 0.976562 0.772461 0.999023 0.725586 0.999023 0.710938 0.990234 0.702148 0.965820 0.687500 0.960938 0.682617 0.960938 0.671875 0.950195 0.663086 0.901367 0.639648 0.896484 0.639648 0.875977 0.652344 0.852539 0.651367 0.830078 0.638672 0.817383 0.608398 0.808594 0.601562 0.796875 0.638672 0.790039 0.650391 0.795898 0.665039 0.779297 0.695312
0 0.571289 0.190430 0.574219 0.245117 0.578125 0.249023 0.606445 0.256836 0.603516 0.280273 0.603516 0.291992 0.607422 0.295898 0.609375 0.309570 0.605469 0.328125 0.606445 0.347656 0.609375 0.354492 0.622070 0.364258 0.625977 0.373047 0.632812 0.375977 0.637695 0.369141 0.636719 0.342773 0.640625 0.324219 0.659180 0.300781 0.670898 0.294922 0.681641 0.284180 0.699219 0.288086 0.706055 0.262695 0.726562 0.259766 0.749023 0.260742 0.758789 0.226562 0.760742 0.190430 0.753906 0.183594 0.719727 0.175781 0.704102 0.166992 0.664062 0.165039 0.652344 0.167969 0.639648 0.180664 0.631836 0.180664 0.607422 0.175781 0.592773 0.163086 0.581055 0.166992
0 0.448242 0.986328 0.444336 0.999023 0.606445 0.999023 0.609375 0.994141 0.607422 0.983398 0.613281 0.973633 0.612305 0.960938 0.591797 0.924805 0.575195 0.919922 0.564453 0.910156 0.544922 0.901367 0.522461 0.885742 0.504883 0.881836 0.487305 0.905273
0 0.087891 0.855469 0.085938 0.869141 0.089844 0.906250 0.085938 0.909180 0.055664 0.911133 0.046875 0.917969 0.000000 0.928711 0.000000 0.975586 0.087891 0.967773 0.147461 0.958008 0.161133 0.947266 0.168945 0.914062 0.180664 0.909180 0.172852 0.845703 0.163086 0.843750
0 0.079102 0.329102 0.078125 0.334961 0.087891 0.351562 0.110352 0.379883 0.081055 0.415039 0.079102 0.423828 0.145508 0.505859 0.151367 0.508789 0.165039 0.497070 0.161133 0.478516 0.155273 0.473633 0.152344 0.431641 0.150391 0.428711 0.144531 0.432617 0.137695 0.432617 0.121094 0.423828 0.114258 0.406250 0.121094 0.373047 0.139648 0.354492 0.145508 0.341797 0.153320 0.336914 0.181641 0.333984 0.184570 0.330078 0.204102 0.321289 0.212891 0.306641 0.195312 0.289062 0.177734 0.284180 0.144531 0.265625 0.132812 0.272461 0.107422 0.295898
0 0.574219 0.182617 0.571289 0.191406 0.574219 0.245117 0.578125 0.249023 0.606445 0.256836 0.603516 0.283203 0.608398 0.307617 0.605469 0.345703 0.609375 0.355469 0.622070 0.365234 0.628906 0.375977 0.633789 0.375977 0.638672 0.366211 0.637695 0.342773 0.645508 0.317383 0.663086 0.297852 0.671875 0.293945 0.680664 0.284180 0.689453 0.284180 0.699219 0.289062 0.704102 0.279297 0.706055 0.263672 0.720703 0.263672 0.726562 0.260742 0.748047 0.261719 0.757812 0.244141 0.763672 0.241211 0.777344 0.247070 0.778320 0.263672 0.782227 0.267578 0.792969 0.265625 0.795898 0.260742 0.809570 0.261719 0.817383 0.265625 0.823242 0.260742 0.827148 0.261719 0.830078 0.241211 0.818359 0.223633 0.824219 0.213867 0.823242 0.198242 0.818359 0.184570 0.833008 0.074219 0.845703 0.065430 0.851562 0.029297 0.850586 0.013672 0.840820 0.008789 0.840820 0.000000 0.683594 0.000000 0.676758 0.014648 0.675781 0.026367 0.684570 0.059570 0.673828 0.066406 0.670898 0.100586 0.674805 0.110352 0.679688 0.114258 0.680664 0.125977 0.693359 0.164062 0.654297 0.166992 0.639648 0.181641 0.605469 0.176758 0.594727 0.165039 0.584961 0.164062
0 0.676758 0.018555 0.681641 0.045898 0.685547 0.052734 0.696289 0.059570 0.693359 0.062500 0.680664 0.062500 0.676758 0.065430 0.673828 0.084961 0.673828 0.103516 0.684570 0.119141 0.687500 0.139648 0.695312 0.161133 0.719727 0.172852 0.778320 0.182617 0.816406 0.185547 0.821289 0.169922 0.833008 0.073242 0.845703 0.066406 0.850586 0.034180 0.851562 0.016602 0.848633 0.011719 0.839844 0.007812 0.839844 0.000000 0.684570 0.000000
1 0.133789 0.101562 0.132812 0.123047 0.138672 0.125977 0.138672 0.136719 0.154297 0.144531 0.155273 0.150391 0.165039 0.152344 0.168945 0.177734 0.177734 0.179688 0.178711 0.189453 0.185547 0.197266 0.187500 0.219727 0.192383 0.221680 0.175781 0.247070 0.164062 0.245117 0.165039 0.261719 0.176758 0.262695 0.187500 0.268555 0.185547 0.279297 0.195312 0.281250 0.201172 0.289062 0.225586 0.289062 0.226562 0.292969 0.234375 0.292969 0.240234 0.302734 0.238281 0.317383 0.247070 0.335938 0.261719 0.338867 0.271484 0.329102 0.280273 0.328125 0.304688 0.341797 0.319336 0.369141 0.328125 0.375977 0.329102 0.382812 0.339844 0.390625 0.343750 0.400391 0.353516 0.402344 0.368164 0.419922 0.362305 0.426758 0.365234 0.438477 0.362305 0.449219 0.370117 0.454102 0.402344 0.458008 0.426758 0.484375 0.446289 0.483398 0.453125 0.476562 0.455078 0.461914 0.503906 0.415039 0.513672 0.414062 0.523438 0.401367 0.530273 0.373047 0.525391 0.355469 0.521484 0.353516 0.523438 0.328125 0.529297 0.324219 0.518555 0.310547 0.515625 0.290039 0.509766 0.287109 0.511719 0.199219 0.500000 0.179688 0.501953 0.164062 0.497070 0.165039 0.470703 0.152344 0.448242 0.153320 0.434570 0.165039 0.433594 0.171875 0.420898 0.177734 0.413086 0.173828 0.410156 0.163086 0.397461 0.162109 0.393555 0.152344 0.385742 0.153320 0.373047 0.136719 0.373047 0.124023 0.367188 0.122070 0.373047 0.042969 0.376953 0.039062 0.398438 0.039062 0.405273 0.032227 0.386719 0.014648 0.366211 0.003906 0.358398 0.012695 0.345703 0.014648 0.338867 0.000000 0.280273 0.000000 0.274414 0.008789 0.241211 0.028320 0.235352 0.040039 0.210938 0.046875 0.205078 0.058594 0.193359 0.068359 0.161133 0.072266
1 0.375977 0.633789 0.375977 0.650391 0.406250 0.678711 0.425781 0.680664 0.435547 0.688477 0.444336 0.689453 0.477539 0.667969 0.487305 0.652344 0.496094 0.651367 0.500000 0.643555 0.499023 0.631836 0.504883 0.628906 0.518555 0.634766 0.541016 0.660156 0.586914 0.663086 0.601562 0.681641 0.625977 0.689453 0.640625 0.705078 0.664062 0.709961 0.693359 0.696289 0.702148 0.678711 0.729492 0.685547 0.739258 0.681641 0.750977 0.686523 0.762695 0.683594 0.772461 0.671875 0.763672 0.660156 0.777344 0.654297 0.794922 0.625977 0.801758 0.579102 0.798828 0.566406 0.791992 0.558594 0.791016 0.539062 0.786133 0.532227 0.766602 0.534180 0.754883 0.523438 0.738281 0.526367 0.734375 0.522461 0.727539 0.523438 0.717773 0.510742 0.703125 0.503906 0.692383 0.489258 0.675781 0.488281 0.667969 0.494141 0.645508 0.491211 0.642578 0.485352 0.647461 0.472656 0.662109 0.456055 0.666016 0.443359 0.664062 0.415039 0.650391 0.399414 0.636719 0.396484 0.629883 0.389648 0.594727 0.383789 0.541016 0.407227 0.531250 0.422852 0.512695 0.424805 0.497070 0.435547 0.500977 0.469727 0.507812 0.472656 0.501953 0.499023 0.512695 0.516602 0.513672 0.532227 0.521484 0.541016 0.521484 0.547852 0.498047 0.559570 0.469727 0.556641 0.458984 0.559570 0.448242 0.563477 0.434570 0.576172 0.418945 0.580078 0.405273 0.589844 0.384766 0.613281