1 0.839844 0.395508 0.836914 0.418945 0.840820 0.436523 0.836914 0.461914 0.838867 0.473633 0.847656 0.483398 0.845703 0.493164 0.849609 0.504883 0.846680 0.511719 0.859375 0.541016 0.862305 0.544922 0.876953 0.545898 0.882812 0.557617 0.889648 0.555664 0.896484 0.567383 0.905273 0.572266 0.910156 0.588867 0.917969 0.596680 0.928711 0.599609 0.931641 0.597656 0.953125 0.621094 0.959961 0.623047 0.969727 0.609375 0.976562 0.607422 0.988281 0.612305 0.999023 0.611328 0.999023 0.588867 0.992188 0.578125 0.994141 0.570312 0.987305 0.556641 0.995117 0.529297 0.999023 0.496094 0.999023 0.351562 0.985352 0.344727 0.970703 0.341797 0.950195 0.344727 0.944336 0.334961 0.924805 0.319336 0.916016 0.320312 0.879883 0.333008 0.873047 0.339844 0.866211 0.355469 0.849609 0.372070
1 0.385742 0.211914 0.383789 0.212891 0.389648 0.212891
1 0.277344 0.087891 0.276367 0.098633 0.285156 0.127930 0.295898 0.140625 0.309570 0.147461 0.322266 0.145508 0.330078 0.139648 0.335938 0.128906 0.337891 0.154297 0.331055 0.165039 0.325195 0.184570 0.327148 0.195312 0.334961 0.200195 0.348633 0.200195 0.358398 0.195312 0.374023 0.194336 0.375977 0.200195 0.382812 0.200195 0.386719 0.204102 0.386719 0.201172 0.391602 0.199219 0.389648 0.192383 0.398438 0.182617 0.403320 0.181641 0.406250 0.165039 0.435547 0.134766 0.445312 0.130859 0.453125 0.118164 0.450195 0.086914 0.443359 0.071289 0.444336 0.055664 0.439453 0.026367 0.429688 0.017578 0.411133 0.021484 0.389648 0.037109 0.372070 0.040039 0.361328 0.057617 0.338867 0.060547 0.327148 0.058594 0.313477 0.065430 0.299805 0.064453
1 0.781250 0.540039 0.787109 0.556641 0.779297 0.570312 0.780273 0.595703 0.772461 0.602539 0.769531 0.610352 0.772461 0.625977 0.777344 0.628906 0.780273 0.640625 0.805664 0.657227 0.813477 0.703125 0.820312 0.710938 0.828125 0.711914 0.833008 0.721680 0.828125 0.733398 0.805664 0.753906 0.805664 0.771484 0.801758 0.786133 0.803711 0.796875 0.800781 0.802734 0.809570 0.828125 0.815430 0.831055 0.814453 0.845703 0.825195 0.855469 0.825195 0.869141 0.856445 0.881836 0.862305 0.878906 0.865234 0.873047 0.861328 0.862305 0.863281 0.857422 0.888672 0.854492 0.900391 0.864258 0.926758 0.871094 0.935547 0.876953 0.952148 0.881836 0.977539 0.874023 0.991211 0.848633 0.993164 0.831055 0.999023 0.822266 0.999023 0.784180 0.994141 0.780273 0.995117 0.772461 0.999023 0.769531 0.999023 0.682617 0.983398 0.670898 0.950195 0.666016 0.918945 0.650391 0.908203 0.652344 0.901367 0.644531 0.897461 0.625000 0.888672 0.613281 0.888672 0.605469 0.878906 0.596680 0.876953 0.581055 0.870117 0.576172 0.862305 0.556641 0.849609 0.549805 0.841797 0.529297 0.833984 0.522461 0.826172 0.521484 0.810547 0.534180 0.799805 0.525391 0.789062 0.525391
1 0.786133 0.838867 0.785156 0.841797 0.788086 0.840820
1 0.789062 0.764648 0.791992 0.764648 0.791992 0.765625 0.789062 0.765625
1 0.795898 0.721680 0.796875 0.725586 0.800781 0.723633
1 0.785156 0.681641 0.787109 0.681641 0.787109 0.682617 0.785156 0.682617
1 0.772461 0.673828 0.772461 0.681641 0.775391 0.682617 0.776367 0.678711
1 0.766602 0.413086 0.765625 0.416016 0.768555 0.416016
1 0.825195 0.396484 0.824219 0.394531 0.824219 0.398438
1 0.827148 0.389648 0.824219 0.389648 0.824219 0.392578
1 0.827148 0.370117 0.828125 0.370117 0.828125 0.373047 0.827148 0.373047
1 0.776367 0.414062 0.779297 0.417969 0.773438 0.420898 0.776367 0.427734 0.776367 0.451172 0.761719 0.451172 0.762695 0.453125 0.755859 0.456055 0.755859 0.461914 0.747070 0.466797 0.755859 0.476562 0.750977 0.484375 0.755859 0.487305 0.756836 0.492188 0.765625 0.494141 0.772461 0.490234 0.783203 0.490234 0.790039 0.494141 0.791992 0.501953 0.783203 0.506836 0.790039 0.521484 0.777344 0.539062 0.774414 0.549805 0.771484 0.563477 0.774414 0.577148 0.764648 0.600586 0.765625 0.612305 0.770508 0.637695 0.778320 0.657227 0.778320 0.668945 0.785156 0.670898 0.786133 0.675781 0.790039 0.672852 0.800781 0.676758 0.798828 0.683594 0.803711 0.687500 0.786133 0.693359 0.790039 0.703125 0.788086 0.709961 0.792969 0.713867 0.791992 0.716797 0.788086 0.716797 0.790039 0.718750 0.802734 0.708984 0.814453 0.712891 0.813477 0.717773 0.805664 0.723633 0.813477 0.737305 0.800781 0.747070 0.803711 0.750977 0.801758 0.764648 0.793945 0.765625 0.801758 0.774414 0.801758 0.780273 0.793945 0.789062 0.791016 0.804688 0.785156 0.813477 0.791016 0.817383 0.793945 0.827148 0.789062 0.833984 0.786133 0.831055 0.786133 0.836914 0.795898 0.844727 0.795898 0.853516 0.791016 0.859375 0.793945 0.864258 0.800781 0.866211 0.803711 0.875977 0.810547 0.879883 0.808594 0.891602 0.811523 0.896484 0.837891 0.896484 0.844727 0.890625 0.852539 0.894531 0.855469 0.900391 0.850586 0.906250 0.854492 0.910156 0.853516 0.913086 0.845703 0.924805 0.831055 0.937500 0.821289 0.970703 0.824219 0.974609 0.840820 0.981445 0.853516 0.994141 0.865234 0.999023 0.874023 0.996094 0.884766 0.996094 0.886719 0.999023 0.912109 0.999023 0.921875 0.996094 0.964844 0.999023 0.969727 0.996094 0.994141 0.994141 0.999023 0.980469 0.999023 0.973633 0.990234 0.964844 0.991211 0.957031 0.999023 0.954102 0.999023 0.906250 0.994141 0.903320 0.999023 0.897461 0.999023 0.883789 0.992188 0.875977 0.996094 0.847656 0.994141 0.831055 0.999023 0.827148 0.999023 0.785156 0.996094 0.783203 0.999023 0.774414 0.999023 0.680664 0.975586 0.664062 0.980469 0.660156 0.974609 0.655273 0.963867 0.654297 0.968750 0.650391 0.961914 0.649414 0.960938 0.635742 0.962891 0.632812 0.966797 0.633789 0.976562 0.621094 0.994141 0.613281 0.997070 0.605469 0.992188 0.546875 0.996094 0.521484 0.994141 0.497070 0.996094 0.486328 0.999023 0.484375 0.999023 0.353516 0.990234 0.346680 0.974609 0.340820 0.948242 0.337891 0.925781 0.321289 0.916016 0.321289 0.879883 0.333008 0.849609 0.372070 0.839844 0.377930 0.840820 0.390625 0.833008 0.418945 0.822266 0.411133 0.822266 0.407227 0.806641 0.413086 0.786133 0.408203
1 0.831055 0.937500 0.827148 0.957031 0.820312 0.970703 0.825195 0.976562 0.841797 0.982422 0.859375 0.999023 0.990234 0.999023 0.996094 0.994141 0.999023 0.982422 0.999023 0.883789 0.994141 0.879883 0.964844 0.892578 0.949219 0.915039 0.927734 0.913086 0.916016 0.895508 0.907227 0.896484 0.886719 0.915039 0.872070 0.906250 0.848633 0.916016 0.845703 0.924805 0.837891 0.928711
1 0.218750 0.511719 0.216797 0.527344 0.219727 0.535156 0.230469 0.544922 0.238281 0.545898 0.254883 0.535156 0.263672 0.535156 0.275391 0.504883 0.275391 0.494141 0.268555 0.483398 0.261719 0.482422
1 0.311523 0.000000 0.310547 0.004883 0.314453 0.012695 0.299805 0.032227 0.292969 0.046875 0.292969 0.054688 0.295898 0.056641 0.312500 0.053711 0.319336 0.044922 0.328125 0.041016 0.332031 0.043945 0.336914 0.058594 0.344727 0.053711 0.350586 0.056641 0.362305 0.055664 0.365234 0.043945 0.370117 0.039062 0.400391 0.030273 0.408203 0.015625 0.405273 0.000000
1 0.041992 0.161133 0.041992 0.174805 0.056641 0.185547 0.070312 0.182617 0.084961 0.168945 0.083008 0.155273 0.064453 0.141602 0.055664 0.142578 0.046875 0.148438
1 0.123047 0.879883 0.124023 0.916016 0.118164 0.933594 0.119141 0.947266 0.115234 0.964844 0.133789 0.973633 0.145508 0.987305 0.157227 0.984375 0.159180 0.978516 0.165039 0.979492 0.171875 0.986328 0.181641 0.986328 0.197266 0.966797 0.208008 0.946289 0.195312 0.908203 0.203125 0.878906 0.196289 0.862305 0.195312 0.844727 0.189453 0.833008 0.173828 0.823242 0.155273 0.816406 0.140625 0.819336 0.130859 0.832031 0.131836 0.848633
1 0.276367 0.087891 0.275391 0.099609 0.286133 0.130859 0.294922 0.140625 0.310547 0.149414 0.323242 0.145508 0.333008 0.132812 0.333984 0.094727 0.322266 0.075195 0.311523 0.067383 0.300781 0.066406
1 0.248047 0.000000 0.246094 0.007812 0.249023 0.018555 0.261719 0.033203 0.294922 0.025391 0.296875 0.036133 0.291992 0.049805 0.294922 0.057617 0.319336 0.057617 0.324219 0.054688 0.334961 0.059570 0.344727 0.055664 0.358398 0.057617 0.364258 0.053711 0.366211 0.045898 0.373047 0.039062 0.384766 0.037109 0.401367 0.029297 0.412109 0.011719 0.412109 0.004883 0.406250 0.000000
1 0.211914 0.635742 0.210938 0.649414 0.215820 0.659180 0.234375 0.654297 0.239258 0.639648 0.237305 0.625000 0.233398 0.622070 0.223633 0.622070 0.214844 0.628906
1 0.452148 0.711914 0.454102 0.733398 0.480469 0.754883 0.494141 0.772461 0.517578 0.773438 0.536133 0.783203 0.549805 0.797852 0.559570 0.772461 0.569336 0.761719 0.581055 0.758789 0.608398 0.770508 0.622070 0.756836 0.629883 0.755859 0.634766 0.739258 0.630859 0.694336 0.615234 0.683594 0.607422 0.670898 0.608398 0.661133 0.618164 0.647461 0.614258 0.636719 0.592773 0.636719 0.583008 0.640625 0.565430 0.641602 0.544922 0.614258 0.525391 0.628906 0.500977 0.628906 0.493164 0.631836 0.483398 0.644531 0.476562 0.663086 0.466797 0.672852 0.464844 0.690430
1 0.117188 0.021484 0.121094 0.047852 0.116211 0.069336 0.119141 0.080078 0.119141 0.112305 0.125000 0.126953 0.133789 0.136719 0.154297 0.144531 0.162109 0.144531 0.200195 0.127930 0.230469 0.124023 0.238281 0.116211 0.244141 0.092773 0.263672 0.081055 0.262695 0.063477 0.249023 0.049805 0.251953 0.031250 0.233398 0.000000 0.175781 0.000000 0.168945 0.004883 0.159180 0.003906 0.154297 0.000000 0.126953 0.000000 0.124023 0.012695
1 0.142578 0.250000 0.136719 0.272461 0.125977 0.292969 0.125977 0.317383 0.134766 0.333984 0.132812 0.352539 0.144531 0.358398 0.166016 0.355469 0.170898 0.350586 0.182617 0.349609 0.189453 0.345703 0.208008 0.320312 0.209961 0.303711 0.204102 0.288086 0.195312 0.277344 0.191406 0.253906 0.175781 0.252930 0.159180 0.239258 0.150391 0.240234
1 0.006836 0.323242 0.000000 0.323242 0.000000 0.449219 0.007812 0.454102 0.017578 0.449219 0.025391 0.456055 0.036133 0.441406 0.053711 0.398438 0.047852 0.386719 0.050781 0.354492 0.045898 0.343750 0.035156 0.340820
1 0.347656 0.547852 0.344727 0.556641 0.345703 0.579102 0.349609 0.583008 0.373047 0.590820 0.376953 0.586914 0.383789 0.564453 0.382812 0.547852 0.371094 0.539062 0.352539 0.542969
1 0.361328 0.763672 0.358398 0.790039 0.365234 0.800781 0.390625 0.809570 0.405273 0.810547 0.417969 0.805664 0.425781 0.790039 0.426758 0.777344 0.426758 0.765625 0.419922 0.753906 0.403320 0.747070 0.381836 0.746094 0.366211 0.753906
1 0.530273 0.869141 0.529297 0.897461 0.546875 0.902344 0.559570 0.915039 0.571289 0.916992 0.579102 0.922852 0.585938 0.920898 0.594727 0.897461 0.605469 0.879883 0.584961 0.851562 0.567383 0.843750 0.560547 0.849609 0.541992 0.850586 0.533203 0.858398
1 0.250977 0.002930 0.250977 0.016602 0.260742 0.029297 0.292969 0.024414 0.298828 0.032227 0.295898 0.049805 0.299805 0.054688 0.306641 0.051758 0.320312 0.060547 0.317383 0.066406 0.318359 0.074219 0.298828 0.074219 0.292969 0.082031 0.286133 0.084961 0.283203 0.102539 0.289062 0.129883 0.292969 0.133789 0.297852 0.132812 0.306641 0.143555 0.314453 0.142578 0.317383 0.137695 0.321289 0.138672 0.324219 0.135742 0.325195 0.123047 0.334961 0.113281 0.347656 0.125977 0.344727 0.129883 0.354492 0.134766 0.362305 0.146484 0.359375 0.152344 0.340820 0.157227 0.334961 0.165039 0.329102 0.185547 0.331055 0.195312 0.341797 0.196289 0.347656 0.190430 0.354492 0.190430 0.359375 0.184570 0.368164 0.188477 0.365234 0.192383 0.376953 0.190430 0.378906 0.195312 0.375977 0.200195 0.379883 0.206055 0.379883 0.212891 0.397461 0.231445 0.408203 0.236328 0.420898 0.231445 0.436523 0.235352 0.442383 0.231445 0.452148 0.231445 0.475586 0.257812 0.480469 0.270508 0.487305 0.274414 0.495117 0.285156 0.511719 0.289062 0.515625 0.287109 0.534180 0.301758 0.552734 0.308594 0.556641 0.308594 0.572266 0.294922 0.588867 0.302734 0.600586 0.305664 0.604492 0.303711 0.609375 0.292969 0.609375 0.277344 0.622070 0.267578 0.627930 0.239258 0.650391 0.226562 0.648438 0.212891 0.668945 0.184570 0.669922 0.165039 0.689453 0.146484 0.690430 0.109375 0.713867 0.098633 0.714844 0.074219 0.718750 0.070312 0.726562 0.070312 0.733398 0.064453 0.731445 0.045898 0.744141 0.031250 0.737305 0.016602 0.736328 0.004883 0.728516 0.000000 0.623047 0.000000 0.612305 0.003906 0.603516 0.000000 0.572266 0.000000 0.567383 0.004883 0.563477 0.000000 0.535156 0.000000 0.530273 0.003906 0.525391 0.003906 0.521484 0.000000 0.501953 0.000000 0.490234 0.004883 0.472656 0.002930 0.468750 0.000000 0.444336 0.000000 0.437500 0.008789 0.431641 0.010742 0.414062 0.006836 0.411133 0.008789 0.403320 0.003906 0.396484 0.004883 0.393555 0.000000 0.384766 0.000000 0.383789 0.002930 0.380859 0.000000 0.358398 0.000000 0.356445 0.003906 0.345703 0.005859 0.339844 0.000000 0.331055 0.004883 0.324219 0.001953 0.282227 0.004883 0.273438 0.000000 0.256836 0.000000
1 0.440430 0.004883 0.444336 0.035156 0.450195 0.052734 0.449219 0.072266 0.457031 0.094727 0.458984 0.131836 0.447266 0.148438 0.442383 0.148438 0.434570 0.157227 0.427734 0.158203 0.423828 0.192383 0.450195 0.218750 0.456055 0.232422 0.475586 0.256836 0.480469 0.270508 0.497070 0.286133 0.518555 0.288086 0.521484 0.292969 0.550781 0.307617 0.556641 0.307617 0.569336 0.294922 0.576172 0.294922 0.588867 0.302734 0.603516 0.305664 0.609375 0.294922 0.609375 0.276367 0.620117 0.271484 0.626953 0.241211 0.631836 0.235352 0.650391 0.227539 0.647461 0.212891 0.667969 0.185547 0.667969 0.166016 0.689453 0.146484 0.689453 0.109375 0.713867 0.098633 0.714844 0.074219 0.733398 0.063477 0.731445 0.045898 0.744141 0.030273 0.734375 0.004883 0.727539 0.000000 0.616211 0.000000 0.612305 0.002930 0.606445 0.000000 0.534180 0.000000 0.531250 0.002930 0.522461 0.000000 0.499023 0.000000 0.488281 0.004883 0.475586 0.000000 0.443359 0.000000
1 0.198242 0.446289 0.196289 0.459961 0.184570 0.469727 0.184570 0.474609 0.194336 0.491211 0.195312 0.500977 0.212891 0.510742 0.227539 0.507812 0.254883 0.487305 0.268555 0.485352 0.276367 0.470703 0.275391 0.458984 0.264648 0.444336 0.246094 0.430664 0.236328 0.430664 0.212891 0.437500
0 0.525391 0.966797 0.525391 0.975586 0.552734 0.999023 0.577148 0.999023 0.605469 0.956055 0.606445 0.949219 0.578125 0.924805 0.563477 0.918945 0.552734 0.927734