1 0.854492 0.649414 0.853516 0.681641 0.871094 0.700195 0.880859 0.725586 0.902344 0.736328 0.915039 0.738281 0.926758 0.731445 0.938477 0.728516 0.946289 0.730469 0.948242 0.723633 0.961914 0.708008 0.967773 0.683594 0.978516 0.669922 0.973633 0.645508 0.984375 0.613281 0.983398 0.602539 0.977539 0.596680 0.975586 0.587891 0.965820 0.578125 0.959961 0.562500 0.945312 0.549805 0.933594 0.550781 0.886719 0.573242 0.879883 0.580078 0.878906 0.586914 0.873047 0.589844 0.863281 0.606445 0.861328 0.630859
1 0.365234 0.083984 0.365234 0.094727 0.377930 0.112305 0.397461 0.124023 0.430664 0.135742 0.439453 0.145508 0.445312 0.147461 0.456055 0.137695 0.464844 0.138672 0.473633 0.134766 0.487305 0.121094 0.492188 0.110352 0.492188 0.095703 0.475586 0.068359 0.459961 0.063477 0.442383 0.064453 0.430664 0.049805 0.412109 0.041016 0.380859 0.040039
1 0.014648 0.062500 0.000000 0.063477 0.000000 0.232422 0.004883 0.233398 0.009766 0.216797 0.020508 0.211914 0.029297 0.216797 0.039062 0.230469 0.076172 0.238281 0.102539 0.234375 0.111328 0.218750 0.107422 0.195312 0.117188 0.168945 0.125977 0.162109 0.133789 0.162109 0.143555 0.154297 0.141602 0.141602 0.137695 0.136719 0.106445 0.126953 0.115234 0.114258 0.125977 0.105469 0.125977 0.096680 0.122070 0.093750 0.102539 0.093750 0.091797 0.088867 0.083984 0.080078 0.050781 0.084961 0.036133 0.074219 0.026367 0.073242 0.021484 0.063477
1 0.002930 0.346680 0.000000 0.348633 0.000000 0.508789 0.036133 0.508789 0.047852 0.497070 0.049805 0.476562 0.053711 0.472656 0.080078 0.465820 0.092773 0.427734 0.092773 0.407227 0.087891 0.396484 0.078125 0.389648 0.054688 0.359375 0.039062 0.350586 0.008789 0.344727
1 0.603516 0.107422 0.603516 0.116211 0.616211 0.134766 0.616211 0.162109 0.623047 0.159180 0.632812 0.169922 0.637695 0.169922 0.638672 0.176758 0.647461 0.181641 0.656250 0.180664 0.661133 0.197266 0.674805 0.208008 0.696289 0.208984 0.703125 0.214844 0.705078 0.206055 0.711914 0.206055 0.715820 0.178711 0.712891 0.154297 0.704102 0.128906 0.717773 0.114258 0.719727 0.108398 0.698242 0.090820 0.696289 0.072266 0.689453 0.062500 0.650391 0.052734 0.638672 0.062500 0.630859 0.078125 0.608398 0.095703
1 0.652344 0.002930 0.647461 0.004883 0.657227 0.004883
0 0.632812 0.703125 0.634766 0.725586 0.630859 0.741211 0.637695 0.765625 0.654297 0.775391 0.680664 0.802734 0.692383 0.803711 0.699219 0.807617 0.711914 0.806641 0.730469 0.795898 0.738281 0.783203 0.766602 0.759766 0.780273 0.753906 0.800781 0.764648 0.815430 0.762695 0.820312 0.757812 0.816406 0.741211 0.818359 0.734375 0.814453 0.723633 0.800781 0.695312 0.772461 0.654297 0.768555 0.634766 0.730469 0.647461 0.719727 0.662109 0.689453 0.674805 0.671875 0.689453 0.650391 0.700195 0.636719 0.700195
0 0.001953 0.915039 0.000000 0.999023 0.011719 0.984375 0.016602 0.959961 0.032227 0.934570 0.029297 0.926758
0 0.059570 0.629883 0.053711 0.650391 0.060547 0.661133 0.060547 0.666016 0.033203 0.719727 0.027344 0.739258 0.059570 0.757812 0.117188 0.772461 0.123047 0.755859 0.118164 0.728516 0.125000 0.696289 0.142578 0.683594 0.150391 0.669922 0.154297 0.673828 0.159180 0.666992 0.167969 0.664062 0.174805 0.651367 0.177734 0.637695 0.186523 0.625977 0.198242 0.598633 0.201172 0.582031 0.157227 0.550781 0.119141 0.534180 0.102539 0.569336 0.097656 0.574219 0.083008 0.609375 0.078125 0.615234 0.067383 0.614258
0 0.758789 0.134766 0.757812 0.158203 0.772461 0.171875 0.824219 0.188477 0.908203 0.192383 0.923828 0.108398 0.949219 0.108398 0.952148 0.102539 0.958008 0.060547 0.948242 0.042969 0.954102 0.000000 0.783203 0.000000 0.774414 0.019531 0.778320 0.074219 0.777344 0.079102 0.768555 0.084961
1 0.177135 0.347656 0.180064 0.365234 0.175182 0.375977 0.174205 0.396484 0.187877 0.412109 0.200572 0.416016 0.208385 0.431641 0.212291 0.430664 0.227916 0.445312 0.236705 0.447266 0.242564 0.458008 0.242564 0.464844 0.222057 0.485352 0.222057 0.500000 0.215221 0.514648 0.221080 0.532227 0.212291 0.541992 0.216197 0.592773 0.211314 0.607422 0.213268 0.631836 0.209361 0.663086 0.194713 0.683594 0.183971 0.683594 0.173229 0.690430 0.157604 0.693359 0.148814 0.702148 0.136119 0.705078 0.132213 0.711914 0.131236 0.737305 0.140025 0.751953 0.117564 0.792969 0.117564 0.821289 0.125377 0.834961 0.120494 0.848633 0.102916 0.861328 0.099010 0.889648 0.090221 0.900391 0.087291 0.899414 0.075572 0.924805 0.057994 0.944336 0.062877 0.999023 0.266002 0.999023 0.276744 0.997070 0.280650 0.986328 0.279674 0.958984 0.284557 0.954102 0.306041 0.947266 0.323619 0.956055 0.326549 0.953125 0.344127 0.962891 0.347057 0.960938 0.351939 0.965820 0.351939 0.986328 0.361705 0.991211 0.369518 0.989258 0.379283 0.995117 0.380260 0.999023 0.819713 0.999023 0.837291 0.994141 0.848033 0.997070 0.850963 0.987305 0.857799 0.985352 0.877330 0.930664 0.892955 0.941406 0.904674 0.928711 0.917369 0.933594 0.926158 0.950195 0.922252 0.966797 0.926158 0.983398 0.932994 0.990234 0.932018 0.997070 0.950572 0.999023 0.999023 0.999023 0.999023 0.666016 0.988658 0.666992 0.986705 0.663086 0.963715 0.718736 0.907210 0.754495 0.869018 0.731927 0.811934 0.774140 0.777832 0.763368 0.719669 0.807623 0.682338 0.813660 0.625636 0.805908 0.567160 0.839485 0.507857 0.755502 0.553014 0.730014 0.576065 0.699400 0.616358 0.693769 0.620617 0.650645 0.629538 0.620080 0.668156 0.629791 0.691688 0.643556 0.721340 0.628803 0.757366 0.609131 0.779839 0.574309 0.778697 0.514648 0.777721 0.503906 0.769908 0.491211 0.772838 0.487305 0.770885 0.458008 0.765025 0.442383 0.755260 0.434570 0.746471 0.411133 0.725963 0.399414 0.708385 0.396484 0.691783 0.402344 0.682018 0.394531 0.674205 0.396484 0.644908 0.365234 0.644908 0.350586 0.654674 0.327148 0.654674 0.309570 0.661510 0.295898 0.671275 0.289062 0.673229 0.277344 0.636119 0.240234 0.616588 0.235352 0.588268 0.240234 0.538463 0.225586 0.521861 0.228516 0.514049 0.234375 0.496471 0.236328 0.475963 0.248047 0.464244 0.265625 0.446666 0.271484 0.416393 0.297852 0.404674 0.329102 0.391979 0.326172 0.389049 0.313477 0.391002 0.263672 0.397838 0.251953 0.396861 0.243164 0.402721 0.238281 0.391979 0.224609 0.382213 0.221680 0.379283 0.226562 0.370494 0.226562 0.364635 0.214844 0.361705 0.220703 0.356822 0.220703 0.347057 0.213867 0.327525 0.222656 0.289439 0.222656 0.277721 0.241211 0.266979 0.240234 0.261119 0.250000 0.225963 0.265625 0.213268 0.277344 0.199596 0.307617 0.190807 0.313477 0.192760 0.323242 0.187877 0.336914
1 0.730469 0.246094 0.729492 0.261719 0.745117 0.302734 0.750977 0.311523 0.773438 0.326172 0.790039 0.342773 0.803711 0.342773 0.808594 0.333984 0.837891 0.309570 0.846680 0.276367 0.843750 0.265625 0.782227 0.208984 0.761719 0.217773