1 0.788086 0.081055 0.782227 0.100586 0.791016 0.118164 0.790039 0.133789 0.792969 0.140625 0.803711 0.148438 0.830078 0.155273 0.851562 0.178711 0.840820 0.189453 0.823242 0.195312 0.817383 0.202148 0.812500 0.216797 0.813477 0.226562 0.817383 0.232422 0.840820 0.251953 0.846680 0.263672 0.846680 0.268555 0.839844 0.279297 0.844727 0.303711 0.857422 0.306641 0.878906 0.295898 0.887695 0.284180 0.890625 0.270508 0.895508 0.266602 0.900391 0.266602 0.907227 0.272461 0.910156 0.284180 0.914062 0.288086 0.930664 0.292969 0.942383 0.290039 0.956055 0.268555 0.956055 0.248047 0.963867 0.238281 0.973633 0.234375 0.971680 0.215820 0.976562 0.210938 0.991211 0.212891 0.995117 0.208984 0.997070 0.191406 0.992188 0.167969 0.996094 0.162109 0.996094 0.148438 0.992188 0.136719 0.999023 0.125977 0.999023 0.077148 0.988281 0.062500 0.991211 0.043945 0.989258 0.027344 0.980469 0.019531 0.969727 0.016602 0.949219 0.000000 0.921875 0.000000 0.917969 0.003906 0.901367 0.002930 0.898438 0.000000 0.853516 0.000000 0.848633 0.003906 0.838867 0.004883 0.833008 0.012695 0.826172 0.015625 0.815430 0.041992 0.788086 0.081055
1 0.072266 0.765625 0.066406 0.780273 0.067383 0.788086 0.084961 0.805664 0.099609 0.811523 0.112305 0.811523 0.137695 0.779297 0.137695 0.768555 0.133789 0.758789 0.105469 0.744141 0.092773 0.747070 0.072266 0.765625
1 0.702148 0.042969 0.703125 0.054688 0.716797 0.067383 0.718750 0.076172 0.726562 0.084961 0.747070 0.095703 0.752930 0.103516 0.759766 0.103516 0.764648 0.095703 0.773438 0.092773 0.784180 0.082031 0.806641 0.050781 0.820312 0.024414 0.822266 0.000000 0.734375 0.000000 0.728516 0.006836 0.728516 0.014648 0.713867 0.035156 0.702148 0.042969
1 0.059570 0.337891 0.057617 0.355469 0.063477 0.359375 0.076172 0.359375 0.079102 0.355469 0.077148 0.336914 0.073242 0.333984 0.063477 0.333984 0.059570 0.337891
1 0.589844 0.619141 0.589844 0.631836 0.611328 0.654297 0.623047 0.669922 0.626953 0.680664 0.645508 0.690430 0.661133 0.703125 0.691406 0.710938 0.706055 0.721680 0.709961 0.730469 0.717773 0.736328 0.734375 0.735352 0.741211 0.725586 0.740234 0.709961 0.747070 0.703125 0.751953 0.690430 0.765625 0.691406 0.775391 0.683594 0.792969 0.679688 0.804688 0.681641 0.813477 0.690430 0.821289 0.690430 0.845703 0.683594 0.864258 0.666992 0.864258 0.622070 0.888672 0.609375 0.898438 0.594727 0.896484 0.532227 0.889648 0.525391 0.872070 0.523438 0.861328 0.512695 0.827148 0.496094 0.810547 0.494141 0.793945 0.503906 0.786133 0.504883 0.754883 0.499023 0.741211 0.500977 0.734375 0.493164 0.718750 0.493164 0.710938 0.489258 0.690430 0.490234 0.674805 0.501953 0.654297 0.509766 0.649414 0.524414 0.639648 0.535156 0.610352 0.552734 0.605469 0.590820 0.589844 0.619141
1 0.836914 0.733398 0.828125 0.758789 0.839844 0.773438 0.838867 0.783203 0.841797 0.785156 0.849609 0.777344 0.854492 0.776367 0.859375 0.786133 0.869141 0.792969 0.873047 0.802734 0.892578 0.795898 0.907227 0.800781 0.911133 0.815430 0.917969 0.823242 0.929688 0.819336 0.938477 0.802734 0.949219 0.803711 0.950195 0.796875 0.957031 0.787109 0.963867 0.785156 0.974609 0.790039 0.970703 0.773438 0.959961 0.761719 0.959961 0.739258 0.947266 0.732422 0.934570 0.732422 0.929688 0.724609 0.915039 0.714844 0.901367 0.712891 0.882812 0.717773 0.869141 0.700195 0.861328 0.698242 0.849609 0.706055 0.843750 0.723633 0.836914 0.733398
1 0.833984 0.359375 0.830078 0.366211 0.824219 0.369141 0.817383 0.368164 0.817383 0.374023 0.829102 0.390625 0.829102 0.439453 0.824219 0.448242 0.830078 0.456055 0.841797 0.461914 0.847656 0.488281 0.867188 0.510742 0.891602 0.517578 0.933594 0.510742 0.951172 0.503906 0.959961 0.504883 0.999023 0.473633 0.999023 0.449219 0.995117 0.442383 0.996094 0.431641 0.999023 0.428711 0.999023 0.358398 0.983398 0.334961 0.960938 0.317383 0.958008 0.317383 0.949219 0.328125 0.945312 0.325195 0.929688 0.328125 0.902344 0.338867 0.869141 0.345703 0.851562 0.355469 0.840820 0.356445 0.837891 0.360352 0.833984 0.359375
1 0.685547 0.142578 0.684570 0.151367 0.688477 0.157227 0.718750 0.170898 0.730469 0.186523 0.754883 0.197266 0.764648 0.196289 0.775391 0.188477 0.787109 0.193359 0.794922 0.184570 0.796875 0.165039 0.801758 0.154297 0.787109 0.140625 0.787109 0.125000 0.777344 0.101562 0.765625 0.093750 0.754883 0.106445 0.750000 0.106445 0.733398 0.090820 0.728516 0.090820 0.721680 0.103516 0.706055 0.108398 0.685547 0.142578
1 0.212891 0.344727 0.212891 0.364258 0.223633 0.371094 0.239258 0.368164 0.241211 0.351562 0.234375 0.341797 0.222656 0.337891 0.212891 0.344727
1 0.457031 0.279297 0.458008 0.345703 0.467773 0.352539 0.459961 0.374023 0.458984 0.397461 0.463867 0.407227 0.476562 0.414062 0.497070 0.413086 0.537109 0.441406 0.556641 0.441406 0.568359 0.445312 0.599609 0.440430 0.625000 0.431641 0.629883 0.426758 0.631836 0.415039 0.637695 0.406250 0.675781 0.398438 0.686523 0.388672 0.695312 0.352539 0.695312 0.313477 0.688477 0.283203 0.668945 0.267578 0.656250 0.250000 0.644531 0.245117 0.625000 0.225586 0.605469 0.219727 0.584961 0.218750 0.572266 0.213867 0.528320 0.218750 0.503906 0.227539 0.489258 0.236328 0.461914 0.268555 0.457031 0.279297
1 0.369141 0.646484 0.356445 0.657227 0.356445 0.667969 0.361328 0.686523 0.373047 0.705078 0.381836 0.705078 0.389648 0.710938 0.416992 0.716797 0.431641 0.723633 0.477539 0.731445 0.519531 0.730469 0.532227 0.727539 0.536133 0.722656 0.539062 0.694336 0.536133 0.686523 0.524414 0.677734 0.491211 0.663086 0.468750 0.663086 0.398438 0.644531 0.369141 0.646484
1 0.000977 0.578125 0.000000 0.630859 0.010742 0.638672 0.025391 0.640625 0.045898 0.648438 0.106445 0.654297 0.128906 0.660156 0.132812 0.665039 0.137695 0.661133 0.144531 0.667969 0.193359 0.669922 0.215820 0.676758 0.268555 0.679688 0.292969 0.685547 0.299805 0.693359 0.320312 0.699219 0.355469 0.699219 0.351562 0.682617 0.333984 0.668945 0.324219 0.650391 0.315430 0.649414 0.299805 0.641602 0.283203 0.640625 0.261719 0.628906 0.230469 0.617188 0.223633 0.617188 0.200195 0.607422 0.165039 0.604492 0.132812 0.596680 0.107422 0.596680 0.088867 0.590820 0.067383 0.589844 0.030273 0.581055 0.000977 0.578125
1 0.873047 0.642578 0.871094 0.666992 0.864258 0.678711 0.863281 0.686523 0.879883 0.709961 0.890625 0.715820 0.905273 0.711914 0.917969 0.713867 0.934570 0.731445 0.961914 0.733398 0.973633 0.707031 0.987305 0.688477 0.987305 0.674805 0.981445 0.664062 0.986328 0.641602 0.996094 0.626953 0.999023 0.514648 0.991211 0.510742 0.972656 0.523438 0.964844 0.523438 0.952148 0.511719 0.945312 0.511719 0.914062 0.519531 0.909180 0.523438 0.904297 0.534180 0.900391 0.563477 0.903320 0.597656 0.881836 0.629883 0.884766 0.636719 0.873047 0.642578
1 0.454102 0.984375 0.455078 0.999023 0.528320 0.999023 0.535156 0.996094 0.543945 0.996094 0.545898 0.999023 0.640625 0.999023 0.644531 0.994141 0.645508 0.985352 0.642578 0.959961 0.648438 0.945312 0.647461 0.933594 0.634766 0.916992 0.624023 0.910156 0.604492 0.889648 0.584961 0.890625 0.547852 0.884766 0.511719 0.893555 0.484375 0.907227 0.476562 0.915039 0.464844 0.937500 0.460938 0.967773 0.454102 0.984375
1 0.235352 0.535156 0.236328 0.550781 0.246094 0.560547 0.246094 0.571289 0.240234 0.581055 0.232422 0.612305 0.248047 0.623047 0.282227 0.636719 0.333008 0.649414 0.345703 0.662109 0.362305 0.698242 0.355469 0.669922 0.350586 0.669922 0.348633 0.665039 0.354492 0.663086 0.354492 0.657227 0.370117 0.642578 0.375000 0.619141 0.391602 0.591797 0.390625 0.583984 0.373047 0.566406 0.370117 0.556641 0.355469 0.549805 0.344727 0.534180 0.324219 0.529297 0.313477 0.522461 0.308594 0.507812 0.290039 0.524414 0.271484 0.524414 0.257812 0.529297 0.250000 0.529297 0.241211 0.524414 0.235352 0.535156
1 0.169922 0.347656 0.166992 0.353516 0.168945 0.367188 0.179688 0.371094 0.194336 0.369141 0.196289 0.358398 0.191406 0.346680 0.176758 0.343750 0.169922 0.347656
1 0.677734 0.998047 0.678711 0.998047 0.678711 0.999023 0.677734 0.999023
1 0.691406 0.963867 0.694336 0.988281 0.689453 0.994141 0.690430 0.999023 0.749023 0.999023 0.755859 0.996094 0.761719 0.999023 0.850586 0.999023 0.852539 0.996094 0.823242 0.964844 0.802734 0.954102 0.791992 0.940430 0.750977 0.924805 0.728516 0.932617 0.713867 0.949219 0.699219 0.955078 0.691406 0.963867
1 0.116211 0.341797 0.117188 0.357422 0.136719 0.365234 0.144531 0.362305 0.143555 0.351562 0.133789 0.337891 0.125977 0.336914 0.116211 0.341797
1 0.002930 0.846680 0.000000 0.847656 0.000000 0.996094 0.011719 0.999023 0.025391 0.999023 0.029297 0.996094 0.043945 0.996094 0.050781 0.999023 0.113281 0.999023 0.115234 0.993164 0.110352 0.983398 0.115234 0.960938 0.112305 0.956055 0.113281 0.948242 0.108398 0.945312 0.112305 0.940430 0.123047 0.940430 0.124023 0.935547 0.119141 0.927734 0.117188 0.912109 0.102539 0.902344 0.095703 0.892578 0.071289 0.882812 0.071289 0.861328 0.042969 0.856445 0.039062 0.853516 0.039062 0.848633 0.033203 0.844727 0.022461 0.847656 0.002930 0.846680
1 0.990234 0.000000 0.991211 0.000000 0.991211 0.000977 0.990234 0.000977
1 0.708984 0.045898 0.712891 0.048828 0.708984 0.051758 0.709961 0.057617 0.716797 0.063477 0.728516 0.067383 0.731445 0.081055 0.741211 0.090820 0.735352 0.098633 0.727539 0.097656 0.724609 0.103516 0.708008 0.108398 0.703125 0.122070 0.696289 0.126953 0.695312 0.133789 0.704102 0.132812 0.711914 0.139648 0.706055 0.146484 0.702148 0.142578 0.707031 0.153320 0.700195 0.157227 0.703125 0.160156 0.720703 0.168945 0.730469 0.183594 0.756836 0.194336 0.764648 0.193359 0.774414 0.186523 0.779297 0.187500 0.782227 0.182617 0.786133 0.188477 0.791016 0.181641 0.781250 0.167969 0.782227 0.164062 0.777344 0.156250 0.806641 0.157227 0.812500 0.153320 0.823242 0.153320 0.831055 0.156250 0.842773 0.171875 0.832031 0.183594 0.824219 0.181641 0.823242 0.185547 0.826172 0.188477 0.810547 0.210938 0.813477 0.229492 0.838867 0.250977 0.844727 0.262695 0.843750 0.269531 0.836914 0.277344 0.842773 0.303711 0.857422 0.307617 0.875977 0.298828 0.887695 0.286133 0.891602 0.272461 0.897461 0.268555 0.905273 0.273438 0.905273 0.279297 0.914062 0.290039 0.939453 0.293945 0.958984 0.275391 0.961914 0.248047 0.968750 0.243164 0.977539 0.244141 0.987305 0.254883 0.995117 0.255859 0.992188 0.253906 0.996094 0.245117 0.994141 0.233398 0.999023 0.186523 0.994141 0.167969 0.996094 0.146484 0.992188 0.136719 0.999023 0.128906 0.999023 0.076172 0.992188 0.070312 0.988281 0.059570 0.993164 0.023438 0.984375 0.006836 0.976562 0.001953 0.959961 0.003906 0.950195 0.000000 0.920898 0.000000 0.917969 0.002930 0.899414 0.000000 0.828125 0.000000 0.823242 0.006836 0.823242 0.017578 0.814453 0.020508 0.812500 0.024414 0.808594 0.017578 0.814453 0.013672 0.814453 0.004883 0.801758 0.003906 0.797852 0.000000 0.766602 0.000000 0.758789 0.003906 0.744141 0.004883 0.737305 0.002930 0.737305 0.009766 0.742188 0.011719 0.723633 0.031250 0.721680 0.040039 0.724609 0.042969 0.715820 0.041992 0.708984 0.045898
1 0.316406 0.165039 0.315430 0.181641 0.321289 0.192383 0.333984 0.195312 0.345703 0.190430 0.352539 0.172852 0.343750 0.157227 0.327148 0.155273 0.316406 0.165039
1 0.463867 0.940430 0.460938 0.966797 0.453125 0.988281 0.454102 0.999023 0.532227 0.999023 0.542969 0.996094 0.544922 0.999023 0.641602 0.999023 0.651367 0.995117 0.662109 0.999023 0.748047 0.999023 0.751953 0.996094 0.766602 0.999023 0.849609 0.999023 0.851562 0.996094 0.822266 0.963867 0.802734 0.954102 0.792969 0.941406 0.750977 0.924805 0.729492 0.931641 0.712891 0.949219 0.677734 0.967773 0.654297 0.954102 0.655273 0.941406 0.659180 0.935547 0.650391 0.933594 0.632812 0.913086 0.605469 0.889648 0.581055 0.889648 0.547852 0.884766 0.511719 0.893555 0.481445 0.910156 0.463867 0.940430
0 0.001953 0.372070 0.000000 0.381836 0.001953 0.372070
0 0.002930 0.389648 0.002930 0.431641 0.000000 0.437500 0.000000 0.551758 0.006836 0.553711 0.006836 0.574219 0.009766 0.576172 0.099609 0.588867 0.107422 0.592773 0.133789 0.592773 0.166992 0.598633 0.176758 0.577148 0.200195 0.568359 0.223633 0.564453 0.237305 0.557617 0.232422 0.536133 0.240234 0.523438 0.250000 0.527344 0.259766 0.527344 0.272461 0.522461 0.286133 0.523438 0.307617 0.503906 0.311523 0.504883 0.313477 0.516602 0.317383 0.521484 0.327148 0.528320 0.342773 0.531250 0.355469 0.546875 0.375977 0.550781 0.414062 0.542969 0.394531 0.463867 0.370117 0.390625 0.352539 0.375977 0.347656 0.364258 0.330078 0.354492 0.314453 0.358398 0.301758 0.368164 0.275391 0.378906 0.273438 0.400391 0.262695 0.407227 0.259766 0.413086 0.253906 0.410156 0.250977 0.398438 0.245117 0.394531 0.248047 0.386719 0.242188 0.395508 0.236328 0.393555 0.231445 0.386719 0.228516 0.393555 0.223633 0.386719 0.225586 0.396484 0.222656 0.397461 0.214844 0.393555 0.214844 0.386719 0.210938 0.389648 0.209961 0.386719 0.202148 0.388672 0.183594 0.384766 0.172852 0.378906 0.126953 0.377930 0.108398 0.373047 0.105469 0.369141 0.101562 0.370117 0.098633 0.375977 0.094727 0.375000 0.087891 0.378906 0.084961 0.369141 0.076172 0.374023 0.065430 0.367188 0.053711 0.367188 0.036133 0.374023 0.021484 0.374023 0.016602 0.378906 0.014648 0.387695 0.002930 0.389648