1 0.965820 0.077148 0.966797 0.077148 0.966797 0.081055 0.965820 0.081055
1 0.987305 0.074219 0.982422 0.077148 0.984375 0.081055 0.988281 0.079102 0.987305 0.074219
1 0.959961 0.042969 0.958984 0.045898 0.959961 0.042969
1 0.903320 0.028320 0.904297 0.028320 0.904297 0.029297 0.903320 0.029297
1 0.903320 0.017578 0.904297 0.023438 0.903320 0.017578
1 0.916016 0.000000 0.914062 0.003906 0.908203 0.004883 0.909180 0.008789 0.924805 0.008789 0.933594 0.000977 0.921875 0.000000 0.922852 0.002930 0.919922 0.002930 0.916016 0.000000
1 0.702148 0.040039 0.702148 0.049805 0.716797 0.081055 0.737305 0.082031 0.746094 0.079102 0.759766 0.084961 0.779297 0.120117 0.836914 0.148438 0.855469 0.166992 0.869141 0.172852 0.876953 0.170898 0.878906 0.204102 0.867188 0.221680 0.869141 0.230469 0.875000 0.234375 0.883789 0.235352 0.915039 0.220703 0.924805 0.223633 0.938477 0.220703 0.946289 0.222656 0.962891 0.209961 0.972656 0.198242 0.985352 0.193359 0.985352 0.174805 0.999023 0.162109 0.999023 0.145508 0.995117 0.137695 0.987305 0.129883 0.977539 0.126953 0.975586 0.121094 0.976562 0.104492 0.987305 0.093750 0.976562 0.093750 0.967773 0.087891 0.956055 0.087891 0.952148 0.084961 0.954102 0.074219 0.950195 0.070312 0.957031 0.062500 0.966797 0.060547 0.959961 0.061523 0.955078 0.057617 0.955078 0.046875 0.947266 0.046875 0.930664 0.059570 0.925781 0.058594 0.924805 0.052734 0.910156 0.050781 0.905273 0.039062 0.895508 0.028320 0.891602 0.004883 0.881836 0.000000 0.797852 0.000000 0.792969 0.002930 0.785156 0.000000 0.723633 0.000000 0.720703 0.014648 0.702148 0.040039
1 0.129883 0.836914 0.129883 0.852539 0.143555 0.865234 0.148438 0.864258 0.157227 0.855469 0.181641 0.856445 0.188477 0.850586 0.192383 0.850586 0.208984 0.863281 0.216797 0.863281 0.223633 0.858398 0.228516 0.848633 0.224609 0.839844 0.224609 0.826172 0.211914 0.820312 0.202148 0.806641 0.192383 0.803711 0.178711 0.804688 0.166016 0.801758 0.154297 0.805664 0.143555 0.815430 0.129883 0.836914
1 0.689453 0.211914 0.692383 0.242188 0.688477 0.257812 0.672852 0.274414 0.672852 0.288086 0.658203 0.305664 0.661133 0.313477 0.670898 0.314453 0.681641 0.329102 0.708008 0.316406 0.739258 0.334961 0.781250 0.329102 0.798828 0.307617 0.806641 0.289062 0.806641 0.276367 0.810547 0.264648 0.802734 0.248047 0.784180 0.229492 0.777344 0.217773 0.750977 0.205078 0.709961 0.196289 0.697266 0.202148 0.689453 0.211914
1 0.761719 0.546875 0.761719 0.556641 0.785156 0.562500 0.795898 0.574219 0.794922 0.583984 0.782227 0.593750 0.784180 0.612305 0.791016 0.627930 0.775391 0.641602 0.768555 0.657227 0.767578 0.667969 0.760742 0.678711 0.761719 0.684570 0.772461 0.688477 0.778320 0.682617 0.785156 0.683594 0.794922 0.693359 0.802734 0.708008 0.817383 0.708008 0.831055 0.725586 0.848633 0.704102 0.860352 0.697266 0.864258 0.685547 0.869141 0.681641 0.875977 0.681641 0.885742 0.667969 0.886719 0.648438 0.891602 0.636719 0.890625 0.625977 0.912109 0.590820 0.912109 0.567383 0.906250 0.551758 0.911133 0.533203 0.896484 0.524414 0.870117 0.515625 0.860352 0.515625 0.851562 0.520508 0.841797 0.512695 0.831055 0.515625 0.824219 0.513672 0.813477 0.526367 0.784180 0.525391 0.761719 0.546875
1 0.235352 0.740234 0.231445 0.761719 0.236328 0.775391 0.250000 0.787109 0.261719 0.786133 0.300781 0.706055 0.302734 0.695312 0.289062 0.690430 0.267578 0.690430 0.253906 0.695312 0.242188 0.716797 0.235352 0.740234
1 0.318359 0.634766 0.320312 0.651367 0.341797 0.671875 0.360352 0.648438 0.363281 0.625977 0.349609 0.618164 0.332031 0.617188 0.324219 0.623047 0.318359 0.634766
1 0.046875 0.993164 0.045898 0.999023 0.112305 0.999023 0.113281 0.996094 0.095703 0.969727 0.079102 0.965820 0.067383 0.968750 0.059570 0.981445 0.046875 0.993164
1 0.636719 0.962891 0.636719 0.969727 0.650391 0.983398 0.648438 0.991211 0.651367 0.999023 0.674805 0.999023 0.678711 0.993164 0.685547 0.999023 0.801758 0.999023 0.804688 0.995117 0.803711 0.981445 0.796875 0.975586 0.783203 0.969727 0.761719 0.972656 0.752930 0.970703 0.745117 0.962891 0.744141 0.952148 0.741211 0.956055 0.730469 0.942383 0.698242 0.925781 0.677734 0.927734 0.667969 0.945312 0.650391 0.946289 0.636719 0.962891
1 0.000977 0.162109 0.003906 0.165039 0.000000 0.167218 0.000000 0.228516 0.002930 0.228516 0.029297 0.221680 0.036133 0.215820 0.044922 0.204102 0.052734 0.177734 0.048828 0.171875 0.029297 0.164062 0.011719 0.167969 0.000977 0.162109
1 0.888672 0.770508 0.882812 0.799805 0.904297 0.825195 0.911133 0.843750 0.921875 0.857422 0.933594 0.863281 0.944336 0.864258 0.952148 0.871094 0.959961 0.871094 0.968750 0.866211 0.982422 0.866211 0.993164 0.873047 0.999023 0.871094 0.999023 0.842773 0.995117 0.833008 0.999023 0.821289 0.999023 0.720703 0.991211 0.716797 0.989258 0.718750 0.989258 0.726562 0.980469 0.743164 0.979492 0.767578 0.974609 0.771484 0.968750 0.773438 0.939453 0.766602 0.927734 0.760742 0.917969 0.761719 0.906250 0.757812 0.893555 0.761719 0.888672 0.770508
1 0.208984 0.951172 0.208008 0.958984 0.212891 0.970703 0.224609 0.981445 0.238281 0.988281 0.266602 0.991211 0.275391 0.999023 0.303711 0.999023 0.305664 0.995117 0.301758 0.986328 0.288086 0.973633 0.289062 0.966797 0.242188 0.937500 0.219727 0.930664 0.208984 0.951172
1 0.703125 0.039062 0.702148 0.046875 0.706055 0.059570 0.717773 0.081055 0.737305 0.083008 0.745117 0.078125 0.759766 0.084961 0.765625 0.090820 0.780273 0.119141 0.803711 0.128906 0.825195 0.127930 0.843750 0.141602 0.849609 0.141602 0.862305 0.134766 0.870117 0.140625 0.877930 0.131836 0.890625 0.125977 0.891602 0.117188 0.897461 0.109375 0.898438 0.100586 0.912109 0.071289 0.913086 0.058594 0.906250 0.042969 0.895508 0.032227 0.886719 0.004883 0.880859 0.000000 0.795898 0.000000 0.792969 0.002930 0.786133 0.000000 0.724609 0.000000 0.720703 0.004883 0.720703 0.014648 0.703125 0.039062
1 0.482422 0.875977 0.481445 0.883789 0.484375 0.886719 0.500977 0.889648 0.516602 0.903320 0.540039 0.908203 0.546875 0.899414 0.542969 0.889648 0.505859 0.872070 0.487305 0.867188 0.482422 0.875977
1 0.577148 0.773438 0.577148 0.785156 0.583984 0.799805 0.592773 0.808594 0.605469 0.814453 0.633789 0.802734 0.648438 0.790039 0.653320 0.780273 0.653320 0.772461 0.641602 0.763672 0.636719 0.750977 0.623047 0.745117 0.609375 0.747070 0.593750 0.753906 0.582031 0.763672 0.577148 0.773438
1 0.142578 0.870117 0.142578 0.897461 0.157227 0.911133 0.172852 0.915039 0.189453 0.900391 0.193359 0.883789 0.179688 0.858398 0.157227 0.854492 0.143555 0.866211 0.142578 0.870117
1 0.285156 0.488281 0.284180 0.500000 0.291992 0.513672 0.309570 0.526367 0.332031 0.531250 0.346680 0.530273 0.352539 0.525391 0.368164 0.492188 0.366211 0.482422 0.355469 0.469727 0.332031 0.460938 0.310547 0.464844 0.285156 0.488281
1 0.362305 0.547852 0.362305 0.563477 0.382812 0.583008 0.389648 0.578125 0.404297 0.550781 0.401367 0.541016 0.379883 0.529297 0.375000 0.529297 0.368164 0.535156 0.362305 0.547852
1 0.164062 0.759766 0.163086 0.771484 0.168945 0.784180 0.175781 0.789062 0.198242 0.791016 0.216797 0.775391 0.225586 0.757812 0.223633 0.750000 0.214844 0.740234 0.195312 0.735352 0.175781 0.743164 0.164062 0.759766
1 0.699219 0.432617 0.698242 0.448242 0.702148 0.461914 0.730469 0.488281 0.749023 0.491211 0.763672 0.482422 0.771484 0.473633 0.781250 0.440430 0.781250 0.431641 0.779297 0.424805 0.761719 0.410156 0.738281 0.407227 0.719727 0.410156 0.705078 0.420898 0.699219 0.432617
1 0.169922 0.407227 0.169922 0.445312 0.184570 0.470703 0.228516 0.492188 0.240234 0.488281 0.261719 0.458984 0.266602 0.435547 0.265625 0.414062 0.261719 0.403320 0.233398 0.379883 0.208984 0.375977 0.182617 0.385742 0.169922 0.407227
1 0.192383 0.653320 0.188477 0.678711 0.199219 0.692383 0.213867 0.682617 0.238281 0.657227 0.238281 0.650391 0.229492 0.637695 0.209961 0.630859 0.205078 0.632812 0.192383 0.653320
1 0.431641 0.985352 0.430664 0.999023 0.477539 0.999023 0.482422 0.984375 0.480469 0.966797 0.477539 0.962891 0.467773 0.962891 0.439453 0.967773 0.431641 0.985352
1 0.775391 0.833984 0.774414 0.846680 0.782227 0.874023 0.782227 0.916016 0.777344 0.931641 0.777344 0.944336 0.783203 0.953125 0.809570 0.953125 0.817383 0.950195 0.823242 0.941406 0.828125 0.893555 0.818359 0.873047 0.803711 0.864258 0.797852 0.856445 0.796875 0.840820 0.799805 0.831055 0.789062 0.828125 0.781250 0.829102 0.775391 0.833984
1 0.540039 0.680664 0.541992 0.694336 0.562500 0.712891 0.563477 0.741211 0.573242 0.751953 0.581055 0.754883 0.587891 0.753906 0.604492 0.737305 0.622070 0.732422 0.632812 0.716797 0.656250 0.695312 0.655273 0.688477 0.647461 0.677734 0.629883 0.671875 0.624023 0.665039 0.609375 0.662109 0.591797 0.644531 0.579102 0.647461 0.556641 0.667969 0.547852 0.670898 0.540039 0.680664
1 0.639648 0.959961 0.637695 0.969727 0.653320 0.982422 0.655273 0.986328 0.651367 0.991211 0.654297 0.994141 0.665039 0.994141 0.664062 0.989258 0.655273 0.988281 0.664062 0.971680 0.676758 0.976562 0.687500 0.999023 0.713867 0.999023 0.733398 0.976562 0.732422 0.969727 0.725586 0.959961 0.730469 0.946289 0.697266 0.926758 0.676758 0.928711 0.667969 0.945312 0.651367 0.946289 0.639648 0.959961
1 0.898438 0.004883 0.898438 0.029297 0.905273 0.036133 0.924805 0.045898 0.953125 0.040039 0.975586 0.028320 0.993164 0.027344 0.999023 0.023438 0.999023 0.000000 0.903320 0.000000 0.898438 0.004883
1 0.008789 0.083008 0.000000 0.090820 0.000000 0.160156 0.015625 0.166016 0.047852 0.151367 0.060547 0.135742 0.078125 0.129883 0.084961 0.120117 0.101562 0.110352 0.114258 0.092773 0.143555 0.067383 0.147461 0.060547 0.125977 0.033203 0.098633 0.061523 0.079102 0.058594 0.070312 0.062500 0.059570 0.058594 0.045898 0.070312 0.039062 0.084961 0.033203 0.085938 0.020508 0.079102 0.008789 0.083008
1 0.692383 0.062500 0.692383 0.070312 0.694336 0.065430 0.699219 0.064453 0.692383 0.062500
1 0.092773 0.138672 0.092773 0.154297 0.110352 0.167969 0.166992 0.189453 0.191406 0.215820 0.205078 0.217773 0.234375 0.242188 0.250977 0.250000 0.272461 0.253906 0.286133 0.263672 0.289062 0.270508 0.297852 0.276367 0.299805 0.283203 0.312500 0.292969 0.301758 0.314453 0.300781 0.327148 0.303711 0.333008 0.309570 0.336914 0.324219 0.337891 0.347656 0.349609 0.364258 0.367188 0.373047 0.371094 0.384766 0.370117 0.391602 0.364258 0.393555 0.357422 0.402344 0.350586 0.444336 0.329102 0.454102 0.338867 0.458984 0.348633 0.477539 0.366211 0.518555 0.361328 0.529297 0.368164 0.547852 0.354492 0.546875 0.344727 0.553711 0.336914 0.566406 0.339844 0.578125 0.357422 0.594727 0.361328 0.615234 0.352539 0.630859 0.338867 0.650391 0.336914 0.657227 0.340820 0.668945 0.340820 0.674805 0.335938 0.677734 0.326172 0.684570 0.327148 0.708984 0.312500 0.713867 0.322266 0.732422 0.324219 0.733398 0.327148 0.740234 0.329102 0.763672 0.325195 0.768555 0.328125 0.781250 0.323242 0.782227 0.317383 0.794922 0.306641 0.803711 0.286133 0.802734 0.277344 0.806641 0.268555 0.800781 0.253906 0.775391 0.217773 0.755859 0.212891 0.717773 0.194336 0.699219 0.194336 0.695312 0.197266 0.691406 0.194336 0.691406 0.174805 0.685547 0.163086 0.687500 0.153320 0.696289 0.142578 0.689453 0.126953 0.690430 0.116211 0.674805 0.110352 0.662109 0.110352 0.661133 0.104492 0.656250 0.103516 0.661133 0.098633 0.662109 0.091797 0.656250 0.083008 0.652344 0.068359 0.646484 0.061523 0.635742 0.058594 0.604492 0.020508 0.588867 0.014648 0.571289 0.016602 0.550781 0.030273 0.524414 0.030273 0.514648 0.021484 0.515625 0.018555 0.510742 0.016602 0.507812 0.003906 0.500000 0.000000 0.476562 0.000000 0.474609 0.002930 0.469727 0.000000 0.455078 0.000000 0.443359 0.006836 0.431641 0.000000 0.379883 0.000000 0.376953 0.002930 0.367188 0.000000 0.340820 0.010742 0.333984 0.025391 0.303711 0.034180 0.276367 0.029297 0.241211 0.031250 0.216797 0.039062 0.207031 0.049805 0.192383 0.056641 0.188477 0.061523 0.186523 0.083984 0.177734 0.092773 0.151367 0.101562 0.126953 0.115234 0.103516 0.122070 0.098633 0.129883 0.099609 0.133789 0.095703 0.133789 0.092773 0.138672
1 0.612305 0.625000 0.611328 0.637695 0.617188 0.642578 0.628906 0.667969 0.651367 0.678711 0.661133 0.696289 0.667969 0.699219 0.686523 0.684570 0.707031 0.640625 0.711914 0.613281 0.707031 0.587891 0.696289 0.587891 0.685547 0.577148 0.664062 0.584961 0.649414 0.584961 0.633789 0.599609 0.621094 0.605469 0.612305 0.625000
1 0.844727 0.291016 0.842773 0.304688 0.845703 0.310547 0.862305 0.330078 0.870117 0.329102 0.876953 0.334961 0.890625 0.362305 0.899414 0.368164 0.906250 0.368164 0.928711 0.355469 0.934570 0.344727 0.936523 0.331055 0.933594 0.325195 0.906250 0.300781 0.905273 0.292969 0.914062 0.283203 0.914062 0.278320 0.908203 0.271484 0.894531 0.265625 0.859375 0.268555 0.850586 0.274414 0.844727 0.291016
1 0.203125 0.602539 0.202148 0.617188 0.206055 0.629883 0.241211 0.643555 0.259766 0.630859 0.267578 0.610352 0.275391 0.600586 0.287109 0.599609 0.291992 0.607422 0.306641 0.602539 0.322266 0.602539 0.327148 0.597656 0.328125 0.581055 0.321289 0.572266 0.312500 0.567383 0.311523 0.552734 0.304688 0.544922 0.282227 0.533203 0.273438 0.532227 0.255859 0.542969 0.247070 0.559570 0.230469 0.563477 0.203125 0.602539
1 0.958008 0.622070 0.957031 0.633789 0.952148 0.639648 0.951172 0.646484 0.958984 0.653320 0.970703 0.653320 0.981445 0.642578 0.981445 0.625000 0.968750 0.616211 0.962891 0.616211 0.958008 0.622070
1 0.234375 0.745117 0.233398 0.768555 0.236328 0.775391 0.247070 0.786133 0.257812 0.788086 0.265625 0.780273 0.285156 0.735352 0.273438 0.728516 0.261719 0.714844 0.248047 0.711914 0.241211 0.721680 0.234375 0.745117
0 0.375977 0.622070 0.373047 0.623047 0.375977 0.625000 0.375977 0.622070
0 0.376953 0.615234 0.377930 0.615234 0.377930 0.617188 0.376953 0.617188
0 0.415039 0.566406 0.411133 0.567383 0.412109 0.571289 0.420898 0.571289 0.428711 0.578125 0.432617 0.576172 0.434570 0.582031 0.441406 0.574219 0.441406 0.571289 0.428711 0.564453 0.424805 0.570312 0.415039 0.566406
0 0.215820 0.902344 0.213867 0.917969 0.220703 0.924805 0.241211 0.932617 0.302734 0.965820 0.313477 0.968750 0.330078 0.965820 0.342773 0.973633 0.342773 0.980469 0.356445 0.978516 0.371094 0.981445 0.409180 0.999023 0.421875 0.999023 0.426758 0.991211 0.442383 0.940430 0.473633 0.885742 0.474609 0.877930 0.466797 0.869141 0.473633 0.858398 0.507812 0.871094 0.518555 0.877930 0.529297 0.879883 0.544922 0.888672 0.554688 0.888672 0.586914 0.819336 0.587891 0.810547 0.575195 0.796875 0.564453 0.792969 0.574219 0.764648 0.574219 0.756836 0.561523 0.742188 0.557617 0.711914 0.536133 0.692383 0.537109 0.681641 0.546875 0.668945 0.557617 0.662109 0.557617 0.656250 0.549805 0.650391 0.549805 0.646484 0.561523 0.625000 0.565430 0.621094 0.577148 0.622070 0.585938 0.607422 0.644531 0.481445 0.652344 0.461914 0.651367 0.456055 0.629883 0.444336 0.581055 0.424805 0.550781 0.406250 0.542969 0.416992 0.526367 0.457031 0.517578 0.455078 0.485352 0.436523 0.480469 0.435547 0.475586 0.439453 0.449219 0.493164 0.435547 0.514648 0.421875 0.549805 0.430664 0.558594 0.449219 0.565430 0.454102 0.572266 0.443359 0.574219 0.450195 0.578125 0.443359 0.581055 0.435547 0.591797 0.431641 0.586914 0.406250 0.590820 0.411133 0.596680 0.412109 0.605469 0.406250 0.609375 0.405273 0.621094 0.401367 0.626953 0.390625 0.626953 0.388672 0.616211 0.381836 0.616211 0.387695 0.622070 0.380859 0.636719 0.376953 0.638672 0.371094 0.632812 0.368164 0.636719 0.368164 0.650391 0.362305 0.654297 0.367188 0.656250 0.365234 0.661133 0.370117 0.670898 0.362305 0.690430 0.355469 0.688477 0.354492 0.695312 0.348633 0.699219 0.319336 0.687500 0.310547 0.689453 0.266602 0.782227 0.250000 0.830078 0.215820 0.902344