1 0.605469 0.208008 0.606445 0.208008 0.606445 0.209961 0.605469 0.209961
1 0.510742 0.118164 0.504883 0.138672 0.509766 0.163086 0.525391 0.175781 0.529297 0.191406 0.539062 0.198242 0.563477 0.202148 0.570312 0.206055 0.565430 0.209961 0.567383 0.210938 0.574219 0.204102 0.581055 0.212891 0.598633 0.212891 0.599609 0.203125 0.605469 0.199219 0.616211 0.206055 0.630859 0.207031 0.636719 0.212891 0.642578 0.208008 0.650391 0.212891 0.658203 0.212891 0.671875 0.207031 0.684570 0.187500 0.683594 0.171875 0.667969 0.160156 0.663086 0.147461 0.648438 0.139648 0.635742 0.137695 0.615234 0.148438 0.604492 0.141602 0.598633 0.132812 0.587891 0.132812 0.581055 0.125977 0.562500 0.132812 0.550781 0.124023 0.541016 0.105469 0.526367 0.107422 0.510742 0.118164
1 0.214844 0.656250 0.213867 0.665039 0.217773 0.668945 0.263672 0.700195 0.299805 0.708008 0.305664 0.707031 0.311523 0.700195 0.314453 0.685547 0.306641 0.679688 0.292969 0.675781 0.282227 0.658203 0.264648 0.641602 0.248047 0.630859 0.237305 0.628906 0.225586 0.634766 0.218750 0.643555 0.214844 0.656250
1 0.083984 0.000000 0.083008 0.004883 0.093750 0.041016 0.108398 0.063477 0.146484 0.062500 0.174805 0.049805 0.183594 0.036133 0.208984 0.014648 0.212891 0.004883 0.212891 0.000000 0.083984 0.000000
1 0.270508 0.595703 0.269531 0.602539 0.275391 0.615234 0.269531 0.622070 0.270508 0.641602 0.284180 0.658203 0.289062 0.670898 0.295898 0.676758 0.330078 0.687500 0.334961 0.688477 0.347656 0.683594 0.352539 0.677734 0.346680 0.655273 0.351562 0.647461 0.362305 0.643555 0.368164 0.635742 0.368164 0.628906 0.362305 0.620117 0.355469 0.613281 0.338867 0.608398 0.315430 0.593750 0.289062 0.583008 0.280273 0.584961 0.270508 0.595703
1 0.015625 0.570312 0.000000 0.585938 0.000000 0.753906 0.007812 0.756836 0.014648 0.754883 0.022461 0.740234 0.030273 0.737305 0.040039 0.724609 0.066406 0.715820 0.084961 0.695312 0.087891 0.683594 0.084961 0.670898 0.068359 0.653320 0.061523 0.636719 0.051758 0.625977 0.069336 0.582031 0.066406 0.563477 0.062500 0.559570 0.055664 0.559570 0.040039 0.569336 0.015625 0.570312
1 0.187500 0.179688 0.185547 0.189453 0.166992 0.223633 0.167969 0.234375 0.193359 0.236328 0.204102 0.241211 0.220703 0.243164 0.254883 0.214844 0.260742 0.203125 0.257812 0.182617 0.262695 0.159180 0.279297 0.125977 0.269531 0.112305 0.273438 0.093750 0.254883 0.068359 0.250977 0.083008 0.217773 0.154297 0.209961 0.163086 0.197266 0.166016 0.187500 0.179688
1 0.317383 0.159180 0.316406 0.169922 0.325195 0.193359 0.342773 0.209961 0.356445 0.217773 0.376953 0.255859 0.389648 0.262695 0.411133 0.250000 0.417969 0.242188 0.417969 0.235352 0.412109 0.224609 0.412109 0.198242 0.407227 0.188477 0.373047 0.169922 0.350586 0.169922 0.343750 0.161133 0.335938 0.157227 0.322266 0.156250 0.317383 0.159180
1 0.073242 0.411133 0.066406 0.443359 0.047852 0.493164 0.052734 0.504883 0.060547 0.513672 0.072266 0.521484 0.079102 0.521484 0.085938 0.519531 0.096680 0.504883 0.096680 0.486328 0.103516 0.472656 0.106445 0.452148 0.116211 0.427734 0.136719 0.411133 0.137695 0.404297 0.130859 0.379883 0.122070 0.373047 0.106445 0.377930 0.092773 0.389648 0.085938 0.402344 0.075195 0.407227 0.073242 0.411133
1 0.761719 0.000000 0.760742 0.048828 0.766602 0.057617 0.778320 0.064453 0.796875 0.088867 0.804688 0.091797 0.855469 0.095703 0.903320 0.125000 0.912109 0.125000 0.924805 0.118164 0.937500 0.116211 0.949219 0.108398 0.951172 0.094727 0.958984 0.078125 0.958984 0.060547 0.947266 0.035156 0.945312 0.016602 0.956055 0.004883 0.956055 0.000000 0.890625 0.000000 0.881836 0.003906 0.853516 0.002930 0.847656 0.000000 0.761719 0.000000
1 0.581055 0.243164 0.563477 0.274414 0.561523 0.291016 0.555664 0.306641 0.381836 0.652344 0.374023 0.679688 0.364258 0.693359 0.344727 0.709961 0.333008 0.712891 0.321289 0.708984 0.314453 0.712891 0.309570 0.723633 0.283203 0.749023 0.271484 0.769531 0.248047 0.771484 0.248047 0.779297 0.257812 0.797852 0.257812 0.805664 0.251953 0.814453 0.250977 0.822266 0.261719 0.848633 0.289062 0.879883 0.302734 0.889648 0.333984 0.891602 0.342773 0.887695 0.373047 0.865234 0.382812 0.852539 0.396484 0.848633 0.413086 0.829102 0.421875 0.811523 0.426758 0.785156 0.433594 0.773438 0.433594 0.768555 0.423828 0.760742 0.422852 0.753906 0.442383 0.732422 0.457031 0.723633 0.469727 0.685547 0.482422 0.673828 0.483398 0.664062 0.479492 0.654297 0.486328 0.641602 0.486328 0.629883 0.504883 0.605469 0.515625 0.575195 0.532227 0.563477 0.547852 0.545898 0.553711 0.503906 0.561523 0.489258 0.561523 0.473633 0.571289 0.459961 0.583008 0.456055 0.586914 0.443359 0.587891 0.420898 0.610352 0.397461 0.627930 0.360352 0.632812 0.355469 0.632812 0.330078 0.659180 0.292969 0.666016 0.269531 0.665039 0.260742 0.652344 0.238281 0.636719 0.237305 0.625000 0.227539 0.604492 0.230469 0.581055 0.243164
1 0.056641 0.000000 0.000000 0.000000 0.000000 0.031808 0.003906 0.033203 0.000000 0.037109 0.022461 0.037109 0.041016 0.033203 0.050781 0.022461 0.056641 0.000000
1 0.268555 0.051758 0.262695 0.074219 0.265625 0.084961 0.275391 0.091797 0.299805 0.101562 0.320312 0.118164 0.358398 0.132812 0.375000 0.143555 0.404297 0.156250 0.425781 0.171875 0.448242 0.182617 0.459961 0.183594 0.486328 0.193359 0.516602 0.209961 0.562500 0.227539 0.586914 0.231445 0.594727 0.224609 0.630859 0.220703 0.643555 0.205078 0.650391 0.210938 0.664062 0.209961 0.671875 0.206055 0.683594 0.187500 0.685547 0.178711 0.682617 0.170898 0.668945 0.161133 0.662109 0.147461 0.646484 0.139648 0.636719 0.138672 0.615234 0.149414 0.604492 0.142578 0.598633 0.134766 0.585938 0.132812 0.581055 0.127930 0.564453 0.133789 0.557617 0.131836 0.546875 0.120117 0.542969 0.109375 0.537109 0.107422 0.525391 0.109375 0.514648 0.116211 0.505859 0.138672 0.511719 0.151367 0.504883 0.155273 0.452148 0.125977 0.419922 0.115234 0.405273 0.101562 0.370117 0.081055 0.343750 0.070312 0.315430 0.071289 0.300781 0.063477 0.282227 0.045898 0.273438 0.045898 0.268555 0.051758
1 0.093750 0.278320 0.097656 0.297852 0.094727 0.306641 0.086914 0.315430 0.087891 0.330078 0.105469 0.346680 0.119141 0.370117 0.139648 0.383789 0.159180 0.383789 0.169922 0.393555 0.174805 0.393555 0.188477 0.382812 0.218750 0.336914 0.243164 0.327148 0.241211 0.310547 0.254883 0.283203 0.251953 0.276367 0.239258 0.264648 0.227539 0.264648 0.224609 0.261719 0.220703 0.246094 0.187500 0.236328 0.171875 0.238281 0.162109 0.229492 0.146484 0.237305 0.125977 0.253906 0.110352 0.259766 0.093750 0.278320
0 0.861328 0.376953 0.861328 0.386719 0.877930 0.395508 0.887695 0.408203 0.895508 0.407227 0.899414 0.412109 0.912109 0.413086 0.914062 0.415039 0.910156 0.416992 0.910156 0.421875 0.924805 0.423828 0.924805 0.435547 0.930664 0.431641 0.943359 0.442383 0.949219 0.439453 0.955078 0.443359 0.959961 0.443359 0.964844 0.436523 0.964844 0.416016 0.969727 0.416992 0.969727 0.407227 0.965820 0.406250 0.962891 0.411133 0.958008 0.403320 0.966797 0.356445 0.969727 0.351562 0.999023 0.356445 0.999023 0.260742 0.996094 0.257812 0.999023 0.161133 0.922852 0.141602 0.916016 0.143555 0.884766 0.295898 0.861328 0.376953
0 0.538086 0.059570 0.532227 0.068359 0.534180 0.073242 0.583008 0.098633 0.610352 0.109375 0.639648 0.133789 0.680664 0.151367 0.689453 0.152344 0.708008 0.120117 0.742188 0.041992 0.749023 0.024414 0.750977 0.007812 0.744141 0.000000 0.630859 0.000000 0.627930 0.002930 0.617188 0.000000 0.580078 0.000000 0.538086 0.059570
0 0.408203 0.000000 0.411133 0.000000 0.411133 0.000977 0.408203 0.000977
0 0.830078 0.865234 0.828125 0.869141 0.836914 0.873047 0.832031 0.868164 0.833008 0.865234 0.830078 0.865234
0 0.806641 0.857422 0.807617 0.857422 0.807617 0.858398 0.806641 0.858398
0 0.806641 0.838867 0.807617 0.838867 0.807617 0.843750 0.806641 0.843750
0 0.810547 0.833008 0.809570 0.835938 0.810547 0.833008
0 0.795898 0.805664 0.795898 0.814453 0.834961 0.838867 0.835938 0.842773 0.832031 0.844727 0.833984 0.849609 0.826172 0.852539 0.827148 0.855469 0.834961 0.852539 0.837891 0.862305 0.846680 0.865234 0.845703 0.873047 0.841797 0.875977 0.844727 0.874023 0.865234 0.890625 0.999023 0.956055 0.999023 0.863281 0.996094 0.860352 0.999023 0.847656 0.999023 0.737305 0.899414 0.684570 0.883789 0.677734 0.872070 0.678711 0.855469 0.688477 0.795898 0.805664
0 0.169922 0.423828 0.170898 0.445312 0.153320 0.461914 0.155273 0.472656 0.168945 0.490234 0.178711 0.500000 0.236328 0.535156 0.291016 0.575195 0.338867 0.605469 0.342773 0.605469 0.349609 0.597656 0.392578 0.530273 0.416016 0.500977 0.416016 0.496094 0.425781 0.480469 0.418945 0.471680 0.362305 0.434570 0.321289 0.412109 0.320312 0.407227 0.328125 0.393555 0.328125 0.387695 0.279297 0.351562 0.250977 0.334961 0.233398 0.334961 0.219727 0.344727 0.204102 0.374023 0.169922 0.423828
0 0.154297 0.125000 0.153320 0.131836 0.167969 0.145508 0.206055 0.161133 0.212891 0.159180 0.248047 0.086914 0.249023 0.076172 0.216797 0.058594 0.191406 0.049805 0.154297 0.125000
0 0.000977 0.194336 0.000000 0.363281 0.042969 0.379883 0.085938 0.292969 0.089844 0.271484 0.101562 0.259766 0.105469 0.250977 0.082031 0.235352 0.051758 0.222656 0.022461 0.203125 0.000977 0.194336
0 0.399414 0.015625 0.397461 0.025391 0.402344 0.029297 0.500000 0.082031 0.508789 0.084961 0.521484 0.072266 0.532227 0.072266 0.609375 0.109375 0.640625 0.133789 0.688477 0.152344 0.708984 0.118164 0.742188 0.042969 0.751953 0.011719 0.746094 0.000000 0.632812 0.000000 0.628906 0.002930 0.620117 0.000000 0.577148 0.000000 0.574219 0.003906 0.561523 0.000000 0.406250 0.000000 0.399414 0.015625