1 0.836914 0.319336 0.836914 0.330078 0.839844 0.334961 0.861328 0.350586 0.904297 0.350586 0.919922 0.343750 0.930664 0.343750 0.941406 0.333984 0.953125 0.309570 0.953125 0.262695 0.939453 0.244141 0.922852 0.252930 0.915039 0.252930 0.900391 0.247070 0.896484 0.258789 0.878906 0.264648 0.861328 0.281250 0.855469 0.301758 0.845703 0.307617
1 0.298828 0.703125 0.298828 0.715820 0.311523 0.748047 0.332031 0.765625 0.351562 0.776367 0.363281 0.778320 0.389648 0.762695 0.399414 0.764648 0.407227 0.753906 0.419922 0.748047 0.419922 0.708984 0.428711 0.695312 0.417969 0.679688 0.416992 0.664062 0.414062 0.661133 0.391602 0.649414 0.376953 0.648438 0.353516 0.650391 0.331055 0.662109 0.306641 0.686523
1 0.277344 0.257812 0.278320 0.265625 0.291992 0.270508 0.298828 0.276367 0.292969 0.291992 0.295898 0.305664 0.319336 0.324219 0.333984 0.325195 0.356445 0.333008 0.379883 0.307617 0.390625 0.309570 0.397461 0.297852 0.397461 0.253906 0.387695 0.237305 0.377930 0.199219 0.373047 0.192383 0.355469 0.181641 0.327148 0.196289 0.315430 0.210938 0.312500 0.216797 0.313477 0.223633 0.291016 0.238281 0.281250 0.248047
1 0.004883 0.230469 0.000000 0.233398 0.000000 0.311523 0.010742 0.310547 0.022461 0.299805 0.030273 0.278320 0.043945 0.255859 0.042969 0.248047 0.026367 0.233398
1 0.576172 0.643555 0.578125 0.663086 0.600586 0.685547 0.597656 0.707031 0.587891 0.713867 0.578125 0.727539 0.578125 0.746094 0.571289 0.761719 0.580078 0.794922 0.580078 0.810547 0.585938 0.836914 0.594727 0.855469 0.596680 0.875977 0.609375 0.888672 0.629883 0.887695 0.653320 0.906250 0.655273 0.915039 0.650391 0.932617 0.664062 0.949219 0.671875 0.953125 0.708984 0.953125 0.718750 0.945312 0.715820 0.932617 0.719727 0.893555 0.727539 0.881836 0.751953 0.863281 0.764648 0.841797 0.766602 0.829102 0.776367 0.804688 0.776367 0.791992 0.769531 0.776367 0.770508 0.769531 0.776367 0.761719 0.801758 0.750977 0.821289 0.750977 0.830078 0.742188 0.848633 0.736328 0.859375 0.722656 0.880859 0.716797 0.892578 0.706055 0.887695 0.691406 0.888672 0.684570 0.921875 0.651367 0.938477 0.648438 0.958008 0.667969 0.971680 0.673828 0.994141 0.669922 0.999023 0.664062 0.999023 0.583984 0.996094 0.582031 0.999023 0.577148 0.995117 0.570312 0.999023 0.564453 0.999023 0.516602 0.995117 0.511719 0.999023 0.508789 0.995117 0.500977 0.999023 0.494141 0.999023 0.428711 0.986328 0.413086 0.969727 0.406250 0.957031 0.411133 0.942383 0.407227 0.938477 0.413086 0.928711 0.416016 0.918945 0.425781 0.900391 0.423828 0.892578 0.418945 0.884766 0.418945 0.882812 0.414062 0.877930 0.413086 0.870117 0.399414 0.837891 0.384766 0.822266 0.363281 0.810547 0.361328 0.802734 0.368164 0.786133 0.361328 0.769531 0.362305 0.754883 0.373047 0.753906 0.445312 0.749023 0.454102 0.737305 0.459961 0.726562 0.470703 0.724609 0.490234 0.716797 0.508789 0.692383 0.512695 0.683594 0.531250 0.669922 0.546875 0.647461 0.559570 0.629883 0.584961 0.623047 0.615234 0.615234 0.625977 0.586914 0.632812
1 0.110352 0.000000 0.111328 0.007812 0.126953 0.022461 0.143555 0.023438 0.177734 0.038086 0.184570 0.026367 0.218750 0.027344 0.237305 0.021484 0.247070 0.022461 0.254883 0.011719 0.254883 0.000000
1 0.013672 0.386719 0.000000 0.393555 0.000000 0.442383 0.008789 0.445312 0.048828 0.440430 0.054688 0.424805 0.053711 0.413086 0.064453 0.393555 0.055664 0.389648 0.037109 0.388672 0.029297 0.382812
1 0.326172 0.556641 0.323242 0.563477 0.325195 0.581055 0.350586 0.604492 0.359375 0.617188 0.390625 0.634766 0.403320 0.634766 0.418945 0.628906 0.421875 0.612305 0.431641 0.602539 0.425781 0.560547 0.428711 0.544922 0.423828 0.532227 0.402344 0.528320 0.370117 0.531250 0.347656 0.528320 0.333008 0.541992
1 0.333008 0.664062 0.334961 0.664062 0.334961 0.665039 0.333008 0.665039
1 0.348633 0.804688 0.351562 0.845703 0.358398 0.859375 0.355469 0.866211 0.355469 0.883789 0.363281 0.895508 0.381836 0.901367 0.392578 0.899414 0.399414 0.907227 0.399414 0.917969 0.391602 0.927734 0.392578 0.942383 0.405273 0.969727 0.431641 0.996094 0.437500 0.999023 0.460938 0.999023 0.479492 0.994141 0.486328 0.989258 0.490234 0.995117 0.502930 0.999023 0.540039 0.999023 0.545898 0.994141 0.546875 0.988281 0.553711 0.994141 0.552734 0.991211 0.563477 0.987305 0.560547 0.973633 0.561523 0.956055 0.558594 0.953125 0.563477 0.928711 0.543945 0.919922 0.537109 0.925781 0.534180 0.924805 0.520508 0.879883 0.515625 0.833984 0.505859 0.796875 0.500977 0.790039 0.500977 0.766602 0.495117 0.754883 0.481445 0.744141 0.469727 0.684570 0.465820 0.677734 0.454102 0.670898 0.456055 0.662109 0.445312 0.629883 0.435547 0.629883 0.431641 0.642578 0.437500 0.668945 0.436523 0.675781 0.432617 0.679688 0.426758 0.675781 0.424805 0.681641 0.428711 0.683594 0.430664 0.692383 0.422852 0.707031 0.420898 0.743164 0.417969 0.746094 0.414062 0.745117 0.414062 0.750977 0.404297 0.758789 0.387695 0.761719 0.384766 0.770508 0.372070 0.781250 0.355469 0.789062
1 0.294922 0.087891 0.293945 0.119141 0.306641 0.133789 0.315430 0.135742 0.348633 0.157227 0.377930 0.154297 0.377930 0.149414 0.371094 0.145508 0.372070 0.135742 0.381836 0.140625 0.386719 0.138672 0.368164 0.115234 0.362305 0.095703 0.356445 0.091797 0.350586 0.078125 0.336914 0.073242 0.311523 0.072266 0.301758 0.077148
1 0.005859 0.115234 0.000000 0.119141 0.000000 0.308594 0.007812 0.310547 0.020508 0.301758 0.036133 0.266602 0.044922 0.254883 0.046875 0.245117 0.054688 0.250000 0.055664 0.255859 0.072266 0.274414 0.071289 0.298828 0.077148 0.317383 0.110352 0.313477 0.129883 0.321289 0.133789 0.317383 0.132812 0.285156 0.152344 0.246094 0.151367 0.237305 0.140625 0.227539 0.132812 0.209961 0.119141 0.192383 0.087891 0.181641 0.081055 0.175781 0.078125 0.157227 0.070312 0.142578 0.050781 0.122070 0.039062 0.115234
1 0.420898 0.000000 0.417969 0.008789 0.420898 0.025391 0.436523 0.041992 0.438477 0.054688 0.446289 0.068359 0.459961 0.082031 0.475586 0.085938 0.480469 0.095703 0.486328 0.099609 0.487305 0.105469 0.493164 0.109375 0.514648 0.110352 0.519531 0.099609 0.528320 0.094727 0.542969 0.092773 0.571289 0.063477 0.571289 0.049805 0.561523 0.029297 0.562500 0.004883 0.558594 0.000000 0.516602 0.000000 0.512695 0.002930 0.507812 0.000000
1 0.200195 0.491211 0.200195 0.531250 0.211914 0.545898 0.212891 0.561523 0.248047 0.584961 0.257812 0.585938 0.278320 0.573242 0.306641 0.570312 0.316406 0.559570 0.314453 0.532227 0.301758 0.502930 0.286133 0.488281 0.271484 0.482422 0.208008 0.475586
1 0.144531 0.088867 0.145508 0.108398 0.158203 0.125000 0.163086 0.138672 0.206055 0.166016 0.212891 0.165039 0.226562 0.155273 0.244141 0.153320 0.264648 0.142578 0.279297 0.125977 0.284180 0.115234 0.285156 0.087891 0.270508 0.060547 0.258789 0.056641 0.250977 0.045898 0.237305 0.043945 0.228516 0.035156 0.208984 0.028320 0.185547 0.027344 0.183594 0.038086 0.190430 0.053711 0.184570 0.058594 0.164062 0.057617 0.159180 0.070312
1 0.060547 0.232422 0.062500 0.245117 0.055664 0.254883 0.073242 0.275391 0.073242 0.290039 0.070312 0.296875 0.076172 0.316406 0.088867 0.318359 0.109375 0.313477 0.126953 0.322266 0.132812 0.321289 0.134766 0.282227 0.145508 0.265625 0.153320 0.240234 0.140625 0.227539 0.124023 0.196289 0.118164 0.191406 0.100586 0.187500 0.074219 0.192383 0.072266 0.207031
1 0.054688 0.413086 0.054688 0.444336 0.075195 0.458984 0.099609 0.464844 0.125977 0.460938 0.141602 0.444336 0.151367 0.439453 0.159180 0.427734 0.162109 0.407227 0.155273 0.394531 0.145508 0.387695 0.123047 0.380859 0.105469 0.380859 0.088867 0.381836 0.078125 0.385742 0.060547 0.401367
1 0.003906 0.115234 0.000000 0.117188 0.000000 0.230469 0.016602 0.232422 0.025391 0.228516 0.035156 0.233398 0.056641 0.232422 0.068359 0.208008 0.069336 0.188477 0.079102 0.174805 0.077148 0.154297 0.068359 0.138672 0.042969 0.115234
1 0.393555 0.924805 0.392578 0.938477 0.401367 0.953125 0.405273 0.970703 0.422852 0.984375 0.433594 0.999023 0.465820 0.999023 0.481445 0.994141 0.487305 0.994141 0.495117 0.999023 0.540039 0.999023 0.547852 0.990234 0.556641 0.989258 0.562500 0.981445 0.559570 0.973633 0.558594 0.937500 0.563477 0.931641 0.542969 0.916992 0.533203 0.919922 0.523438 0.900391 0.514648 0.895508 0.483398 0.891602 0.469727 0.880859 0.445312 0.885742 0.433594 0.893555 0.422852 0.910156 0.409180 0.908203
1 0.187500 0.418945 0.187500 0.453125 0.193359 0.463867 0.204102 0.470703 0.244141 0.476562 0.253906 0.480469 0.276367 0.481445 0.295898 0.489258 0.318359 0.487305 0.340820 0.493164 0.351562 0.492188 0.363281 0.479492 0.366211 0.463867 0.373047 0.459961 0.371094 0.449219 0.377930 0.439453 0.380859 0.428711 0.378906 0.423828 0.384766 0.418945 0.385742 0.404297 0.381836 0.389648 0.380859 0.365234 0.368164 0.358398 0.357422 0.347656 0.294922 0.322266 0.260742 0.326172 0.234375 0.340820 0.218750 0.355469 0.214844 0.362305 0.217773 0.375000 0.204102 0.386719 0.201172 0.404297
1 0.133789 0.820312 0.135742 0.839844 0.147461 0.862305 0.117188 0.879883 0.115234 0.894531 0.108398 0.906250 0.115234 0.916016 0.110352 0.923828 0.111328 0.937500 0.108398 0.948242 0.108398 0.954102 0.112305 0.958984 0.137695 0.957031 0.141602 0.960938 0.144531 0.976562 0.151367 0.982422 0.206055 0.988281 0.213867 0.995117 0.239258 0.999023 0.272461 0.994141 0.272461 0.989258 0.278320 0.982422 0.287109 0.994141 0.327148 0.994141 0.326172 0.990234 0.332031 0.982422 0.342773 0.983398 0.342773 0.979492 0.352539 0.971680 0.357422 0.961914 0.355469 0.944336 0.345703 0.931641 0.343750 0.920898 0.336914 0.909180 0.336914 0.899414 0.341797 0.893555 0.335938 0.863281 0.340820 0.849609 0.341797 0.833984 0.334961 0.814453 0.328125 0.807617 0.310547 0.806641 0.292969 0.796875 0.264648 0.796875 0.241211 0.792969 0.213867 0.773438 0.202148 0.776367 0.175781 0.771484 0.156250 0.790039 0.149414 0.792969 0.147461 0.806641
1 0.362305 0.055664 0.363281 0.055664 0.363281 0.058594 0.362305 0.058594
1 0.353516 0.000000 0.349609 0.003906 0.348479 0.000000 0.257812 0.000000 0.264648 0.049805 0.277344 0.069336 0.286133 0.073242 0.292969 0.083984 0.310547 0.072266 0.336914 0.072266 0.351562 0.076172 0.356445 0.071289 0.357422 0.052734 0.353516 0.045898 0.353516 0.033203 0.361328 0.028320 0.363281 0.007812 0.354492 0.003906
0 0.816406 0.817383 0.816406 0.860352 0.822266 0.899414 0.844727 0.976562 0.858398 0.977539 0.948242 0.955078 0.999023 0.946289 0.999023 0.760742 0.984375 0.761719 0.958984 0.776367 0.913086 0.777344 0.878906 0.789062 0.864258 0.789062 0.840820 0.799805 0.827148 0.802734 0.820312 0.808594
0 0.003906 0.567383 0.000000 0.568359 0.000000 0.764648 0.074219 0.753906 0.112305 0.739258 0.114258 0.728516 0.109375 0.675781 0.094727 0.567383 0.078125 0.565430 0.074219 0.559570
0 0.004883 0.950195 0.004883 0.957031 0.000000 0.962891 0.000000 0.999023 0.137695 0.999023 0.144531 0.994141 0.135742 0.980469 0.136719 0.974609 0.129883 0.972656 0.118164 0.962891 0.104492 0.964844 0.101562 0.961914 0.100586 0.942383 0.094727 0.930664
1 0.418945 0.004883 0.418945 0.018555 0.443359 0.054688 0.445312 0.067383 0.451172 0.068359 0.462891 0.082031 0.597656 0.061523 0.610352 0.063477 0.612305 0.059570 0.603516 0.050781 0.611328 0.043945 0.609375 0.035156 0.636719 0.022461 0.648438 0.026367 0.655273 0.019531 0.662109 0.020508 0.664062 0.014648 0.663086 0.004883 0.657227 0.000000 0.420898 0.000000
1 0.532227 0.121094 0.537109 0.147461 0.529297 0.160156 0.513672 0.170898 0.513672 0.192383 0.548828 0.262695 0.544922 0.273438 0.539062 0.271484 0.536133 0.275391 0.546875 0.284180 0.547852 0.291992 0.558594 0.296875 0.567383 0.307617 0.566406 0.316406 0.580078 0.335938 0.575195 0.346680 0.542969 0.364258 0.544922 0.369141 0.540039 0.383789 0.551758 0.425781 0.572266 0.438477 0.573242 0.453125 0.576172 0.457031 0.582031 0.455078 0.586914 0.458008 0.588867 0.469727 0.596680 0.471680 0.598633 0.478516 0.625977 0.490234 0.625000 0.498047 0.629883 0.500977 0.635742 0.499023 0.636719 0.493164 0.649414 0.488281 0.660156 0.503906 0.657227 0.515625 0.675781 0.511719 0.685547 0.502930 0.685547 0.487305 0.674805 0.483398 0.691406 0.442383 0.707031 0.440430 0.707031 0.420898 0.713867 0.417969 0.708008 0.406250 0.720703 0.398438 0.721680 0.389648 0.756836 0.361328 0.767578 0.357422 0.807617 0.356445 0.818359 0.349609 0.821289 0.332031 0.838867 0.330078 0.837891 0.318359 0.898438 0.238281 0.908203 0.230469 0.879883 0.062500 0.870117 0.059570 0.859375 0.062500 0.852539 0.045898 0.858398 0.040039 0.865234 0.015625 0.871094 0.012695 0.870117 0.004883 0.861328 0.004883 0.858398 0.000000 0.722656 0.000000 0.701172 0.010742 0.676758 0.041992 0.607422 0.069336 0.594727 0.070312 0.587891 0.062500 0.581055 0.062500 0.576172 0.066406 0.578125 0.070312 0.574219 0.080078 0.548828 0.104492 0.539062 0.105469 0.543945 0.113281 0.540039 0.121094