1 0.859375 0.274414 0.857422 0.287109 0.852539 0.295898 0.856445 0.306641 0.867188 0.320312 0.859375 0.329102 0.853516 0.343750 0.852539 0.375977 0.858398 0.397461 0.866211 0.407227 0.877930 0.413086 0.890625 0.424805 0.931641 0.423828 0.962891 0.410156 0.994141 0.421875 0.999023 0.408203 0.999023 0.349609 0.996094 0.347656 0.999023 0.332031 0.999023 0.312500 0.996094 0.303711 0.999023 0.300781 0.999023 0.291016 0.994141 0.278320 0.984375 0.270508 0.962891 0.265625 0.954102 0.250977 0.941406 0.250977 0.920898 0.244141 0.904297 0.228516 0.898438 0.228516 0.891602 0.234375 0.885742 0.258789 0.864258 0.268555
1 0.743164 0.209961 0.736328 0.238281 0.750977 0.259766 0.767578 0.257812 0.778320 0.242188 0.796875 0.242188 0.801758 0.229492 0.813477 0.220703 0.816406 0.214844 0.815430 0.204102 0.804688 0.191406 0.785156 0.186523 0.756836 0.191406
1 0.815430 0.941406 0.817383 0.961914 0.814453 0.977539 0.818359 0.980469 0.831055 0.978516 0.851562 0.962891 0.862305 0.958984 0.883789 0.969727 0.901367 0.968750 0.904297 0.965820 0.902344 0.956055 0.886719 0.929688 0.860352 0.913086 0.839844 0.916992 0.825195 0.928711
1 0.438477 0.268555 0.441406 0.277344 0.466797 0.298828 0.469727 0.306641 0.466797 0.311523 0.455078 0.312500 0.449219 0.316406 0.431641 0.341797 0.426758 0.360352 0.431641 0.380859 0.446289 0.403320 0.485352 0.409180 0.493164 0.413086 0.500000 0.426758 0.500977 0.442383 0.561523 0.455078 0.586914 0.455078 0.601562 0.443359 0.612305 0.446289 0.627930 0.443359 0.643555 0.454102 0.657227 0.458008 0.664062 0.446289 0.680664 0.436523 0.683594 0.427734 0.692383 0.418945 0.702148 0.418945 0.712891 0.412109 0.716797 0.380859 0.714844 0.354492 0.708984 0.342773 0.708984 0.333008 0.714844 0.308594 0.703125 0.294922 0.694336 0.273438 0.689453 0.268555 0.688477 0.248047 0.669922 0.210938 0.659180 0.198242 0.647461 0.190430 0.625977 0.190430 0.612305 0.186523 0.607422 0.191406 0.597656 0.194336 0.587891 0.190430 0.574219 0.173828 0.561523 0.177734 0.549805 0.173828 0.539062 0.182617 0.526367 0.182617 0.519531 0.192383 0.510742 0.195312 0.501953 0.194336 0.496094 0.188477 0.487305 0.189453 0.480469 0.202148 0.470703 0.207031 0.466797 0.219727 0.457031 0.227539 0.460938 0.254883
1 0.008789 0.744141 0.000000 0.749023 0.000000 0.849609 0.023438 0.850586 0.035156 0.845703 0.045898 0.833008 0.065430 0.828125 0.080078 0.817383 0.078125 0.785156 0.080078 0.777344 0.084961 0.773438 0.086914 0.751953 0.084961 0.747070 0.077148 0.742188 0.055664 0.738281 0.046875 0.733398
1 0.223633 0.154297 0.221680 0.161133 0.208008 0.178711 0.206055 0.189453 0.196289 0.195312 0.196289 0.201172 0.201172 0.208984 0.199219 0.221680 0.223633 0.245117 0.250977 0.251953 0.254883 0.250000 0.260742 0.233398 0.273438 0.221680 0.268555 0.204102 0.269531 0.196289 0.273438 0.188477 0.286133 0.176758 0.287109 0.170898 0.283203 0.166016 0.262695 0.159180 0.248047 0.149414 0.230469 0.149414
1 0.885742 0.732422 0.883789 0.740234 0.886719 0.772461 0.896484 0.777344 0.917969 0.800781 0.923828 0.803711 0.963867 0.801758 0.971680 0.805664 0.987305 0.821289 0.991211 0.816406 0.994141 0.818359 0.999023 0.789062 0.999023 0.645508 0.967773 0.623047 0.962891 0.622070 0.949219 0.628906 0.939453 0.637695 0.939453 0.643555 0.929688 0.656250 0.919922 0.681641 0.913086 0.685547 0.909180 0.696289
1 0.003906 0.732422 0.004883 0.741211 0.000000 0.746094 0.000000 0.849609 0.024414 0.850586 0.036133 0.846680 0.044922 0.835938 0.067383 0.828125 0.080078 0.817383 0.080078 0.788086 0.089844 0.757812 0.088867 0.747070 0.094727 0.741211 0.108398 0.736328 0.108398 0.722656 0.099609 0.705078 0.078125 0.692383 0.074219 0.695312 0.056641 0.695312 0.039062 0.709961 0.014648 0.719727
1 0.067383 0.032227 0.066406 0.045898 0.079102 0.095703 0.072266 0.116211 0.081055 0.136719 0.083008 0.158203 0.092773 0.189453 0.107422 0.198242 0.115234 0.223633 0.137695 0.234375 0.164062 0.237305 0.167969 0.240234 0.177734 0.238281 0.188477 0.226562 0.192383 0.214844 0.193359 0.192383 0.206055 0.166016 0.208008 0.139648 0.204102 0.123047 0.209961 0.108398 0.206055 0.093750 0.182617 0.076172 0.166992 0.072266 0.158203 0.062500 0.152344 0.020508 0.158203 0.014648 0.159180 0.007812 0.151367 0.000000 0.108398 0.000000 0.091797 0.016602 0.087891 0.007812 0.081055 0.007812 0.074219 0.010742 0.075195 0.014648 0.068359 0.022461
1 0.191406 0.755859 0.191406 0.765625 0.197266 0.784180 0.210938 0.803711 0.208008 0.815430 0.208008 0.846680 0.198242 0.871094 0.188477 0.882812 0.188477 0.900391 0.192383 0.916016 0.196289 0.920898 0.210938 0.924805 0.229492 0.949219 0.237305 0.953125 0.254883 0.954102 0.260742 0.965820 0.277344 0.982422 0.281250 0.982422 0.299805 0.963867 0.304688 0.950195 0.315430 0.945312 0.317383 0.937500 0.316406 0.916992 0.311523 0.902344 0.318359 0.887695 0.319336 0.871094 0.314453 0.830078 0.304688 0.807617 0.304688 0.797852 0.310547 0.783203 0.304688 0.768555 0.302734 0.750977 0.299805 0.747070 0.292969 0.746094 0.285156 0.748047 0.282227 0.751953 0.260742 0.751953 0.246094 0.739258 0.224609 0.736328 0.201172 0.747070
1 0.325195 0.368164 0.324219 0.389648 0.339844 0.404297 0.333984 0.422852 0.348633 0.442383 0.365234 0.430664 0.375000 0.428711 0.401367 0.413086 0.416992 0.412109 0.426758 0.395508 0.417969 0.366211 0.398438 0.357422 0.391602 0.350586 0.380859 0.352539 0.371094 0.349609 0.365234 0.355469 0.350586 0.360352 0.333984 0.359375
1 0.214844 0.049805 0.214844 0.063477 0.209961 0.074219 0.221680 0.081055 0.216797 0.110352 0.224609 0.112305 0.227539 0.122070 0.234375 0.122070 0.234375 0.138672 0.239258 0.137695 0.254883 0.119141 0.259766 0.122070 0.261719 0.132812 0.266602 0.134766 0.278320 0.113281 0.296875 0.097656 0.320312 0.088867 0.349609 0.091797 0.339844 0.064453 0.344727 0.047852 0.341797 0.032227 0.350586 0.019531 0.357422 0.014648 0.364258 0.014648 0.364258 0.011719 0.359375 0.002930 0.355469 0.006836 0.347656 0.003906 0.329102 0.003906 0.323242 0.000000 0.259766 0.002930 0.253906 0.004883 0.248047 0.014648 0.241211 0.018555 0.238281 0.026367 0.225586 0.033203
1 0.363281 0.442383 0.360352 0.451172 0.372070 0.465820 0.374023 0.481445 0.379883 0.494141 0.378906 0.515625 0.382812 0.531250 0.387695 0.536133 0.406250 0.537109 0.441406 0.525391 0.445312 0.518555 0.446289 0.490234 0.449219 0.485352 0.460938 0.481445 0.467773 0.475586 0.471680 0.462891 0.471680 0.458984 0.459961 0.455078 0.456055 0.449219 0.462891 0.432617 0.459961 0.424805 0.445312 0.425781 0.437500 0.414062 0.401367 0.414062 0.378906 0.426758
1 0.609375 0.902344 0.608398 0.916016 0.612305 0.927734 0.618164 0.936523 0.631836 0.943359 0.654297 0.945312 0.672852 0.928711 0.674805 0.907227 0.669922 0.886719 0.661133 0.875977 0.622070 0.878906
1 0.560547 0.000000 0.558594 0.004883 0.565430 0.017578 0.565430 0.030273 0.569336 0.041016 0.569336 0.066406 0.585938 0.110352 0.586914 0.129883 0.592773 0.137695 0.593750 0.156250 0.601562 0.183594 0.635742 0.189453 0.650391 0.185547 0.667969 0.197266 0.672852 0.177734 0.666016 0.133789 0.662109 0.126953 0.661133 0.070312 0.653320 0.016602 0.640625 0.000000
0 0.018555 0.928711 0.000000 0.977539 0.000000 0.999023 0.216797 0.999023 0.218750 0.995117 0.215820 0.983398 0.196289 0.974609 0.196289 0.958008 0.070312 0.908203 0.060547 0.924805 0.028320 0.910156
0 0.045898 0.238281 0.019531 0.242188 0.000000 0.241211 0.000000 0.465820 0.072266 0.450195 0.080078 0.451172 0.084961 0.463867 0.096680 0.463867 0.127930 0.456055 0.131836 0.453125 0.131836 0.443359 0.096680 0.291992 0.095703 0.275391 0.084961 0.239258 0.081055 0.236328
0 0.700195 0.000000 0.702148 0.082031 0.708984 0.122070 0.728516 0.195312 0.771484 0.184570 0.809570 0.180664 0.865234 0.180664 0.876953 0.189453 0.914062 0.185547 0.966797 0.187500 0.970703 0.162109 0.999023 0.158203 0.999023 0.052734 0.972656 0.050781 0.966797 0.041992 0.940430 0.035156 0.894531 0.036133 0.884766 0.043945 0.859375 0.044922 0.855469 0.053711 0.816406 0.056641 0.814453 0.064453 0.810547 0.067383 0.814453 0.098633 0.794922 0.100586 0.782227 0.050781 0.781250 0.021484 0.775391 0.000000
0 0.258789 0.241211 0.257812 0.250000 0.264648 0.266602 0.270508 0.274414 0.281250 0.281250 0.288086 0.291992 0.289062 0.305664 0.282227 0.335938 0.282227 0.350586 0.289062 0.362305 0.311523 0.361328 0.345703 0.350586 0.360352 0.352539 0.375977 0.340820 0.382812 0.345703 0.397461 0.348633 0.397461 0.344727 0.409180 0.333008 0.411133 0.318359 0.434570 0.309570 0.455078 0.306641 0.458008 0.299805 0.436523 0.279297 0.433594 0.269531 0.436523 0.263672 0.457031 0.253906 0.453125 0.229492 0.466797 0.204102 0.454102 0.119141 0.443359 0.089844 0.435547 0.087891 0.393555 0.095703 0.345703 0.112305 0.343750 0.129883 0.350586 0.152344 0.349609 0.161133 0.340820 0.166992 0.279297 0.185547 0.270508 0.201172 0.276367 0.223633
1 0.309570 0.750977 0.309570 0.807617 0.321289 0.822266 0.348633 0.837891 0.372070 0.841797 0.386719 0.848633 0.408203 0.849609 0.435547 0.842773 0.449219 0.834961 0.451172 0.828125 0.465820 0.821289 0.471680 0.822266 0.472656 0.806641 0.477539 0.799805 0.474609 0.793945 0.482422 0.775391 0.499023 0.755859 0.496094 0.735352 0.500977 0.723633 0.537109 0.719727 0.583984 0.703125 0.592773 0.692383 0.597656 0.672852 0.614258 0.649414 0.598633 0.648438 0.477539 0.667969 0.417969 0.684570 0.412109 0.690430 0.388672 0.691406 0.378906 0.687500 0.372070 0.695312 0.331055 0.707031 0.327148 0.719727 0.332031 0.734375 0.318359 0.750000
1 0.712891 0.638672 0.714844 0.657227 0.726562 0.668945 0.731445 0.681641 0.730469 0.692383 0.740234 0.694336 0.749023 0.707031 0.856445 0.741211 0.876953 0.734375 0.893555 0.717773 0.898438 0.704102 0.914062 0.692383 0.923828 0.665039 0.919922 0.657227 0.921875 0.652344 0.929688 0.647461 0.935547 0.652344 0.942383 0.649414 0.944336 0.629883 0.942383 0.625000 0.927734 0.625977 0.918945 0.634766 0.901367 0.634766 0.889648 0.622070 0.886719 0.624023 0.879883 0.618164 0.872070 0.618164 0.868164 0.623047 0.831055 0.622070 0.824219 0.618164 0.800781 0.619141 0.789062 0.612305 0.757812 0.620117 0.730469 0.616211
1 0.765625 0.738281 0.755859 0.750000 0.750977 0.748047 0.743164 0.752930 0.750000 0.764648 0.749023 0.779297 0.757812 0.795898 0.782227 0.799805 0.785156 0.782227 0.782227 0.777344 0.771484 0.773438 0.772461 0.762695 0.779297 0.759766 0.787109 0.747070 0.787109 0.738281 0.779297 0.735352 0.771484 0.740234