1 0.860352 0.760742 0.858398 0.782227 0.862305 0.786133 0.879883 0.785156 0.890625 0.775391 0.893555 0.776367 0.899414 0.783203 0.904297 0.797852 0.916016 0.807617 0.926758 0.789062 0.946289 0.772461 0.952148 0.762695 0.966797 0.751953 0.969727 0.741211 0.960938 0.725586 0.953125 0.720703 0.934570 0.720703 0.924805 0.708984 0.915039 0.712891 0.903320 0.710938 0.881836 0.733398 0.866211 0.744141
1 0.276367 0.850586 0.273438 0.876953 0.267578 0.888672 0.268555 0.902344 0.274414 0.913086 0.285156 0.920898 0.288086 0.926758 0.279297 0.930664 0.274414 0.937500 0.275391 0.960938 0.271484 0.970703 0.276367 0.987305 0.275391 0.995117 0.278320 0.999023 0.347656 0.997070 0.350586 0.994141 0.346680 0.986328 0.355469 0.957031 0.359375 0.921875 0.369141 0.889648 0.379883 0.876953 0.387695 0.846680 0.388672 0.835938 0.383789 0.821289 0.373047 0.812500 0.362305 0.816406 0.352539 0.805664 0.338867 0.800781 0.299805 0.816406
1 0.740234 0.613281 0.736328 0.625977 0.746094 0.640625 0.747070 0.651367 0.760742 0.684570 0.762695 0.710938 0.776367 0.713867 0.790039 0.709961 0.793945 0.707031 0.799805 0.691406 0.807617 0.696289 0.812500 0.707031 0.817383 0.708008 0.828125 0.703125 0.838867 0.686523 0.839844 0.674805 0.848633 0.659180 0.850586 0.643555 0.847656 0.630859 0.831055 0.618164 0.827148 0.601562 0.809570 0.596680 0.784180 0.601562 0.765625 0.601562 0.750000 0.605469
1 0.004883 0.129883 0.005859 0.139648 0.000000 0.147461 0.000000 0.178711 0.008789 0.179688 0.015625 0.188477 0.011719 0.206055 0.012695 0.223633 0.000000 0.238281 0.000000 0.353516 0.008789 0.355469 0.015625 0.349609 0.019531 0.336914 0.053711 0.314453 0.087891 0.270508 0.113281 0.270508 0.115234 0.254883 0.119141 0.249023 0.119141 0.241211 0.111328 0.233398 0.111328 0.227539 0.116211 0.220703 0.143555 0.207031 0.160156 0.203125 0.164062 0.198242 0.164062 0.187500 0.169922 0.172852 0.186523 0.158203 0.213867 0.149414 0.248047 0.131836 0.253906 0.094727 0.247070 0.081055 0.244141 0.066406 0.205078 0.038086 0.196289 0.007812 0.184570 0.000000 0.112305 0.000000 0.104492 0.003906 0.086914 0.022461 0.066406 0.059570 0.065430 0.080078 0.074219 0.091797 0.072266 0.106445 0.068359 0.113281 0.060547 0.117188 0.052734 0.111328 0.042969 0.118164 0.030273 0.122070 0.011719 0.123047
1 0.958984 0.934570 0.958008 0.955078 0.962891 0.980469 0.969727 0.988281 0.973633 0.999023 0.996094 0.999023 0.999023 0.997070 0.999023 0.909180 0.989258 0.906250 0.975586 0.909180
1 0.781250 0.824219 0.776367 0.835938 0.781250 0.838867 0.776367 0.841797 0.791016 0.846680 0.790039 0.861328 0.793945 0.871094 0.793945 0.878906 0.783203 0.900391 0.800781 0.914062 0.804688 0.932617 0.810547 0.941406 0.821289 0.927734 0.834961 0.920898 0.835938 0.906250 0.839844 0.897461 0.854492 0.882812 0.854492 0.864258 0.857422 0.857422 0.875977 0.840820 0.871094 0.824219 0.873047 0.817383 0.864258 0.816406 0.859375 0.806641 0.849609 0.797852 0.834961 0.797852 0.824219 0.787109 0.801758 0.813477
1 0.376953 0.000000 0.375000 0.006836 0.388672 0.014648 0.403320 0.009766 0.408203 0.000977
1 0.355469 0.000000 0.295898 0.000000 0.295898 0.005859 0.306641 0.022461 0.335938 0.035156 0.341797 0.033203 0.351562 0.019531 0.363281 0.010742 0.363281 0.004883 0.359375 0.004883
0 0.016602 0.838867 0.000000 0.876953 0.000000 0.908203 0.183594 0.999023 0.220703 0.999023 0.229492 0.981445 0.225586 0.948242 0.229492 0.935547 0.243164 0.916992 0.255859 0.888672 0.260742 0.868164 0.257812 0.857422 0.165039 0.809570 0.132812 0.797852 0.119141 0.788086 0.105469 0.781250 0.101562 0.782227 0.092773 0.774414 0.064453 0.762695 0.059570 0.762695 0.051758 0.773438
0 0.080078 0.365234 0.086914 0.381836 0.069336 0.408203 0.098633 0.432617 0.108398 0.432617 0.120117 0.414062 0.125977 0.412109 0.254883 0.489258 0.265625 0.479492 0.288086 0.444336 0.299805 0.437500 0.310547 0.416992 0.307617 0.400391 0.302734 0.394531 0.302734 0.389648 0.309570 0.378906 0.322266 0.374023 0.331055 0.375977 0.341797 0.336914 0.352539 0.327148 0.364258 0.328125 0.379883 0.308594 0.383789 0.298828 0.375977 0.287109 0.360352 0.282227 0.361328 0.270508 0.357422 0.264648 0.339844 0.256836 0.329102 0.247070 0.289062 0.223633 0.280273 0.226562 0.259766 0.258789 0.253906 0.260742 0.234375 0.250000 0.192383 0.214844 0.183594 0.211914 0.157227 0.242188 0.136719 0.274414 0.125977 0.300781
0 0.705078 0.135742 0.704102 0.140625 0.713867 0.144531 0.726562 0.159180 0.748047 0.166992 0.756836 0.183594 0.790039 0.212891 0.794922 0.209961 0.808594 0.185547 0.815430 0.162109 0.832031 0.129883 0.770508 0.099609 0.760742 0.083008 0.733398 0.070312 0.729492 0.073242 0.718750 0.108398
0 0.386719 0.085938 0.383789 0.097656 0.387695 0.102539 0.400391 0.108398 0.415039 0.101562 0.442383 0.123047 0.453125 0.124023 0.459961 0.130859 0.459961 0.122070 0.454102 0.119141 0.450195 0.105469 0.450195 0.090820 0.459961 0.086914 0.487305 0.086914 0.507812 0.098633 0.511719 0.096680 0.543945 0.039062 0.546875 0.017578 0.537109 0.015625 0.530273 0.018555 0.529297 0.023438 0.525391 0.022461 0.523438 0.014648 0.530273 0.007812 0.519531 0.000000 0.515625 0.003906 0.508789 0.003906 0.501953 0.015625 0.497070 0.014648 0.494141 0.017578 0.476562 0.015625 0.450195 0.002930 0.437500 0.003906 0.427734 0.015625 0.415039 0.045898 0.400391 0.060547
1 0.311523 0.194871 0.321289 0.207566 0.317383 0.212449 0.327148 0.228074 0.327148 0.235887 0.341797 0.238816 0.351562 0.248582 0.365234 0.250535 0.370117 0.256395 0.372070 0.271043 0.393555 0.299363 0.374023 0.326707 0.374023 0.332566 0.342773 0.346238 0.334961 0.385301 0.320312 0.395066 0.316406 0.403855 0.317383 0.411668 0.328125 0.424363 0.322266 0.441941 0.301758 0.446824 0.289062 0.465379 0.290039 0.470262 0.302734 0.475145 0.302734 0.481004 0.295898 0.486863 0.294922 0.500535 0.305664 0.509324 0.314453 0.529832 0.332031 0.525926 0.359375 0.559129 0.359375 0.565965 0.354492 0.570848 0.345703 0.571824 0.338867 0.581590 0.361328 0.603074 0.360352 0.610887 0.366211 0.624559 0.391602 0.624559 0.401367 0.635301 0.398438 0.639207 0.400391 0.644090 0.406250 0.646043 0.407227 0.641160 0.405606 0.633965 0.421875 0.649949 0.435547 0.647996 0.441406 0.639207 0.458008 0.641160 0.457031 0.652879 0.460938 0.656785 0.458984 0.681199 0.455078 0.683152 0.458008 0.694871 0.453125 0.694871 0.453125 0.703660 0.443359 0.712449 0.458984 0.741746 0.456055 0.760301 0.458984 0.771043 0.453125 0.777879 0.463867 0.781785 0.481445 0.798387 0.500977 0.792527 0.519531 0.795457 0.530273 0.785691 0.538086 0.771043 0.571289 0.774949 0.602539 0.746629 0.596680 0.722215 0.594727 0.671434 0.609375 0.656785 0.608398 0.645066 0.614258 0.634324 0.627930 0.626512 0.629883 0.620652 0.645508 0.616746 0.648438 0.610887 0.656250 0.610887 0.663086 0.605027 0.651367 0.602098 0.650391 0.591355 0.659180 0.586473 0.660156 0.552293 0.666016 0.545457 0.666992 0.535691 0.678711 0.524949 0.686523 0.531785 0.698242 0.532762 0.716797 0.523973 0.723633 0.525926 0.729492 0.534715 0.723633 0.541551 0.726562 0.554246 0.740234 0.556199 0.752930 0.544480 0.761719 0.548387 0.766602 0.564988 0.787109 0.558152 0.793945 0.564012 0.814453 0.564012 0.817383 0.568895 0.843750 0.562059 0.870117 0.563035 0.870117 0.555223 0.892578 0.544480 0.892578 0.539109 0.921875 0.543504 0.921875 0.564012 0.917969 0.569871 0.934570 0.573777 0.958984 0.590379 0.974609 0.592332 0.980469 0.580613 0.996094 0.576707 1.000000 0.566941 1.000000 0.488816 0.995117 0.484910 0.990234 0.453660 0.996094 0.443895 0.982422 0.444871 0.977539 0.440965 0.973633 0.442918 0.955078 0.438035 0.963867 0.413621 0.949219 0.391160 0.950195 0.377488 0.973633 0.361863 0.971680 0.351121 0.983398 0.340379 0.978516 0.330613 0.990234 0.320848 1.000000 0.323777 1.000000 0.002488 0.928711 0.002488 0.917969 0.007371 0.920898 0.050340 0.900391 0.059129 0.894531 0.092332 0.887695 0.093309 0.873047 0.106004 0.869141 0.117723 0.872070 0.130418 0.861328 0.139207 0.866211 0.147996 0.863281 0.158738 0.858398 0.159715 0.858398 0.172410 0.862305 0.179246 0.861328 0.191941 0.855469 0.197801 0.859375 0.227098 0.839844 0.246629 0.824219 0.241746 0.795898 0.219285 0.787109 0.220262 0.773438 0.201707 0.753906 0.189988 0.742188 0.170457 0.733398 0.168504 0.729492 0.162645 0.718750 0.162645 0.710938 0.151902 0.703125 0.150926 0.693359 0.141160 0.679688 0.143113 0.659180 0.096238 0.660156 0.087449 0.668945 0.076707 0.661133 0.073777 0.663086 0.069871 0.653320 0.059129 0.635742 0.075730 0.622070 0.077684 0.581055 0.064012 0.581055 0.078660 0.573242 0.085496 0.570312 0.099168 0.583008 0.106004 0.582031 0.108934 0.512695 0.169480 0.500977 0.167527 0.497070 0.177293 0.479492 0.165574 0.482422 0.152879 0.477539 0.147996 0.465820 0.148973 0.464844 0.143113 0.453125 0.134324 0.439453 0.136277 0.433594 0.132371 0.428711 0.117723 0.414062 0.111863 0.384766 0.124559 0.386719 0.134324 0.375977 0.141160 0.345703 0.135301 0.341797 0.146043 0.354492 0.155809 0.351562 0.166551 0.355469 0.186082 0.346680 0.196824 0.337891 0.195848 0.329102 0.188035 0.316406 0.188035 0.316406 0.192918