1 0.850586 0.035156 0.847656 0.060547 0.851562 0.072266 0.866211 0.087891 0.888672 0.082031 0.896484 0.102539 0.897461 0.098633 0.893555 0.093750 0.898438 0.091797 0.901367 0.081055 0.907227 0.078125 0.917969 0.089844 0.925781 0.093750 0.957031 0.053711 0.954102 0.040039 0.954102 0.001953 0.866211 0.000000 0.862305 0.015625
1 0.808594 0.004883 0.807617 0.023438 0.817383 0.057617 0.828125 0.070312 0.848633 0.070312 0.849609 0.041992 0.863281 0.016602 0.866211 0.000000 0.812500 0.000000
1 0.873047 0.791992 0.875977 0.794922 0.878906 0.792969
1 0.779297 0.854492 0.777344 0.879883 0.784180 0.903320 0.782227 0.912109 0.808594 0.949219 0.808594 0.971680 0.801758 0.983398 0.804688 0.994141 0.814453 0.999023 0.986328 0.999023 0.999023 0.994141 0.999023 0.795898 0.996094 0.792969 0.999023 0.787109 0.999023 0.736328 0.995117 0.732422 0.976562 0.727539 0.950195 0.729492 0.939453 0.725586 0.928711 0.725586 0.919922 0.729492 0.906250 0.744141 0.902344 0.778320 0.891602 0.788086 0.891602 0.796875 0.885742 0.797852 0.886719 0.803711 0.874023 0.810547 0.879883 0.818359 0.878906 0.835938 0.872070 0.833008 0.857422 0.833008 0.833008 0.846680 0.824219 0.845703 0.809570 0.850586 0.799805 0.834961 0.785156 0.844727
1 0.000977 0.707031 0.002930 0.710938 0.000000 0.711972 0.000000 0.791016 0.017578 0.792969 0.029297 0.783203 0.031250 0.754883 0.022461 0.725586 0.007812 0.715820
1 0.008789 0.233398 0.007812 0.251953 0.010742 0.257812 0.041992 0.269531 0.079102 0.271484 0.077148 0.250977 0.071289 0.244141 0.068359 0.234375 0.059570 0.226562 0.024414 0.218750 0.012695 0.225586
1 0.954102 0.451172 0.951172 0.463867 0.959961 0.487305 0.960938 0.515625 0.970703 0.529297 0.982422 0.533203 0.994141 0.532227 0.999023 0.528320 0.999023 0.433594 0.985352 0.431641 0.981445 0.435547 0.971680 0.436523
1 0.175781 0.716797 0.174805 0.735352 0.178711 0.740234 0.193359 0.739258 0.199219 0.749023 0.208984 0.751953 0.244141 0.749023 0.255859 0.739258 0.257812 0.729492 0.252930 0.683594 0.248047 0.677734 0.234375 0.671875 0.225586 0.675781 0.210938 0.676758 0.197266 0.691406 0.183594 0.700195
1 0.094727 0.670898 0.094727 0.681641 0.107422 0.695312 0.103516 0.711914 0.104492 0.723633 0.112305 0.733398 0.119141 0.750977 0.134766 0.760742 0.155273 0.754883 0.171875 0.738281 0.172852 0.723633 0.179688 0.704102 0.204102 0.678711 0.203125 0.674805 0.191406 0.669922 0.191406 0.661133 0.188477 0.657227 0.164062 0.643555 0.144531 0.638672 0.132812 0.639648 0.106445 0.651367 0.100586 0.657227
1 0.795898 0.235352 0.789062 0.259766 0.794922 0.267578 0.795898 0.277344 0.810547 0.291016 0.826172 0.291016 0.840820 0.295898 0.847656 0.306641 0.859375 0.307617 0.876953 0.299805 0.889648 0.299805 0.901367 0.289062 0.903320 0.259766 0.900391 0.249023 0.893555 0.239258 0.874023 0.232422 0.862305 0.234375 0.852539 0.227539 0.847656 0.227539 0.835938 0.211914 0.826172 0.206055 0.816406 0.208008
1 0.009766 0.426758 0.000000 0.436523 0.000000 0.518555 0.005859 0.526367 0.007812 0.545898 0.007812 0.550781 0.000000 0.561523 0.000000 0.568359 0.002930 0.570312 0.000000 0.579102 0.000000 0.597656 0.014648 0.612305 0.026367 0.617188 0.032227 0.625000 0.049805 0.626953 0.074219 0.612305 0.093750 0.609375 0.098633 0.605469 0.101562 0.595703 0.101562 0.579102 0.090820 0.550781 0.092773 0.528320 0.087891 0.515625 0.085938 0.494141 0.078125 0.473633 0.074219 0.451172 0.063477 0.438477 0.060547 0.422852 0.049805 0.411133 0.032227 0.411133
1 0.903320 0.143555 0.904297 0.143555 0.904297 0.145508 0.903320 0.145508
1 0.743164 0.014648 0.739258 0.036133 0.744141 0.036133 0.753906 0.048828 0.768555 0.047852 0.786133 0.056641 0.792969 0.050781 0.799805 0.051758 0.794922 0.066406 0.797852 0.078125 0.791992 0.098633 0.785156 0.106445 0.782227 0.118164 0.786133 0.123047 0.797852 0.124023 0.820312 0.131836 0.823242 0.137695 0.820312 0.151367 0.828125 0.153320 0.824219 0.163086 0.817383 0.163086 0.814453 0.177734 0.817383 0.180664 0.814453 0.208984 0.809570 0.211914 0.787109 0.261719 0.791992 0.275391 0.777344 0.317383 0.777344 0.327148 0.786133 0.334961 0.804688 0.334961 0.812500 0.309570 0.820312 0.299805 0.824219 0.302734 0.832031 0.299805 0.833984 0.312500 0.842773 0.304688 0.848633 0.310547 0.849609 0.325195 0.851562 0.320312 0.858398 0.327148 0.873047 0.323242 0.875000 0.326172 0.888672 0.324219 0.896484 0.315430 0.891602 0.299805 0.901367 0.286133 0.900391 0.252930 0.888672 0.230469 0.907227 0.212891 0.911133 0.207031 0.911133 0.199219 0.894531 0.186523 0.891602 0.180664 0.879883 0.183594 0.879883 0.174805 0.885742 0.158203 0.890625 0.161133 0.890625 0.158203 0.894531 0.159180 0.896484 0.155273 0.904297 0.159180 0.901367 0.155273 0.904297 0.153809 0.904297 0.148438 0.897461 0.147461 0.896484 0.143555 0.899414 0.140625 0.899414 0.114258 0.906250 0.090820 0.914062 0.091797 0.917969 0.099609 0.924805 0.104492 0.931641 0.086914 0.956055 0.053711 0.953125 0.037109 0.954102 0.001953 0.803711 0.000000 0.798828 0.003906 0.786133 0.000000 0.769531 0.000000
1 0.816406 0.155273 0.812500 0.175781 0.816406 0.200195 0.831055 0.208008 0.844727 0.227539 0.859375 0.233398 0.883789 0.231445 0.903320 0.219727 0.912109 0.208984 0.915039 0.197266 0.904297 0.192383 0.890625 0.177734 0.880859 0.173828 0.875977 0.159180 0.858398 0.158203 0.850586 0.153320 0.845703 0.144531 0.823242 0.145508
1 0.648438 0.764648 0.650391 0.786133 0.659180 0.797852 0.661133 0.812500 0.668945 0.823242 0.681641 0.824219 0.688477 0.817383 0.711914 0.808594 0.723633 0.811523 0.733398 0.802734 0.733398 0.756836 0.720703 0.747070 0.716797 0.737305 0.711914 0.733398 0.706055 0.733398 0.699219 0.738281 0.695312 0.730469 0.689453 0.728516 0.685547 0.736328 0.671875 0.748047 0.666992 0.761719 0.654297 0.761719
1 0.002930 0.258789 0.000000 0.258789 0.000000 0.330078 0.004883 0.338867 0.000000 0.345703 0.042969 0.348633 0.053711 0.333008 0.060547 0.333984 0.067383 0.327148 0.073242 0.334961 0.084961 0.336914 0.090820 0.342773 0.100586 0.336914 0.105469 0.349609 0.114258 0.343750 0.123047 0.355469 0.130859 0.347656 0.149414 0.345703 0.168945 0.364258 0.175781 0.364258 0.201172 0.375000 0.269531 0.384766 0.290039 0.398438 0.292969 0.397461 0.299805 0.404297 0.307617 0.404297 0.317383 0.397461 0.324219 0.397461 0.331055 0.390625 0.343750 0.396484 0.366211 0.390625 0.409180 0.410156 0.429688 0.408203 0.445312 0.414062 0.458984 0.412109 0.466797 0.419922 0.469727 0.428711 0.469727 0.421875 0.473633 0.419922 0.482422 0.431641 0.488281 0.431641 0.493164 0.427734 0.508789 0.429688 0.533203 0.436523 0.542969 0.444336 0.547852 0.437500 0.556641 0.433594 0.560547 0.445312 0.558594 0.454102 0.565430 0.455078 0.569336 0.459961 0.575195 0.458984 0.581055 0.464844 0.592773 0.464844 0.625000 0.457031 0.629883 0.461914 0.636719 0.457031 0.643555 0.461914 0.658203 0.459961 0.679688 0.464844 0.697266 0.474609 0.752930 0.484375 0.760742 0.484375 0.769531 0.469727 0.769531 0.454102 0.758789 0.445312 0.743164 0.442383 0.737305 0.448242 0.729492 0.449219 0.706055 0.429688 0.656250 0.419922 0.612305 0.407227 0.593750 0.405273 0.486328 0.375977 0.422852 0.364258 0.386719 0.349609 0.380859 0.337891 0.335938 0.339844 0.268555 0.322266 0.235352 0.309570 0.206055 0.309570 0.180664 0.303711 0.174805 0.299805 0.159180 0.298828 0.113281 0.286133 0.096680 0.285156 0.076172 0.275391 0.041992 0.272461
1 0.002930 0.013672 0.002930 0.029297 0.000000 0.031250 0.000000 0.178711 0.011719 0.176758 0.020508 0.158203 0.022461 0.136719 0.032227 0.103516 0.032227 0.088867 0.029297 0.083984 0.033203 0.079102 0.031250 0.059570 0.039062 0.000000 0.008789 0.000000
1 0.379883 0.231445 0.377930 0.250000 0.365234 0.292969 0.366211 0.313477 0.370117 0.318359 0.379883 0.322266 0.393555 0.318359 0.399414 0.310547 0.416016 0.215820 0.433594 0.188477 0.444336 0.125000 0.453125 0.096680 0.455078 0.040039 0.462891 0.029297 0.468750 0.000000 0.438477 0.000000 0.434570 0.005859 0.413086 0.117188
1 0.737305 0.029297 0.736328 0.039062 0.748047 0.049805 0.769531 0.050781 0.787109 0.057617 0.800781 0.046875 0.806641 0.038086 0.807617 0.003906 0.804688 0.000000 0.781250 0.000000 0.750977 0.006836 0.743164 0.013672
1 0.083984 0.931641 0.075195 0.951172 0.067383 0.956055 0.067383 0.960938 0.085938 0.966797 0.091797 0.973633 0.098633 0.972656 0.113281 0.953125 0.112305 0.942383 0.105469 0.933594 0.097656 0.929688 0.088867 0.928711
1 0.089844 0.979492 0.085938 0.999023 0.147461 0.999023 0.155273 0.982422 0.153320 0.972656 0.141602 0.956055 0.128906 0.950195 0.115234 0.950195 0.100586 0.973633 0.092773 0.975586
0 0.000977 0.817383 0.000000 0.958008 0.002930 0.959961 0.000000 0.961914 0.000000 0.984375 0.004883 0.991211 0.002930 0.999023 0.016602 0.999023 0.024414 0.978516 0.029297 0.978516 0.033203 0.972656 0.042969 0.975586 0.046875 0.970703 0.073242 0.966797 0.071289 0.956055 0.089844 0.917969 0.104492 0.844727 0.087891 0.837891
0 0.075195 0.208984 0.073242 0.241211 0.077148 0.245117 0.162109 0.266602 0.192383 0.278320 0.215820 0.276367 0.292969 0.293945 0.308594 0.294922 0.312500 0.287109 0.315430 0.255859 0.334961 0.176758 0.333984 0.153320 0.339844 0.123047 0.334961 0.119141 0.163086 0.081055 0.151367 0.119141 0.147461 0.122070 0.109375 0.113281 0.087891 0.114258 0.084961 0.154297 0.081055 0.158203
0 0.337891 0.745117 0.337891 0.756836 0.364258 0.765625 0.376953 0.765625 0.396484 0.771484 0.405273 0.770508 0.411133 0.775391 0.420898 0.770508 0.438477 0.776367 0.446289 0.774414 0.472656 0.786133 0.480469 0.785156 0.514648 0.794922 0.523438 0.801758 0.529297 0.801758 0.536133 0.790039 0.557617 0.786133 0.571289 0.736328 0.571289 0.723633 0.558594 0.711914 0.557617 0.701172 0.565430 0.665039 0.576172 0.638672 0.576172 0.628906 0.591797 0.622070 0.597656 0.613281 0.611328 0.553711 0.614258 0.522461 0.595703 0.510742 0.543945 0.500977 0.474609 0.482422 0.467773 0.477539 0.456055 0.475586 0.454102 0.472656 0.457031 0.469727 0.453125 0.466797 0.405273 0.456055 0.373047 0.591797 0.375977 0.595703 0.390625 0.600586 0.397461 0.608398 0.404297 0.605469 0.414062 0.620117 0.411133 0.625000 0.404297 0.627930 0.400391 0.635742 0.398438 0.631836 0.380859 0.626953 0.376953 0.623047 0.365234 0.626953
0 0.494141 0.045898 0.492188 0.061523 0.501953 0.071289 0.565430 0.086914 0.573242 0.091797 0.563477 0.129883 0.565430 0.136719 0.593750 0.143555 0.598633 0.141602 0.605469 0.145508 0.619141 0.100586 0.645508 0.104492 0.671875 0.113281 0.677734 0.111328 0.696289 0.052734 0.703125 0.014648 0.693359 0.006836 0.666992 0.000000 0.502930 0.000000
1 0.021484 0.768555 0.024414 0.785156 0.006836 0.791992 0.016602 0.796875 0.244141 0.851562 0.405273 0.900391 0.430664 0.903320 0.433594 0.908203 0.476562 0.922852 0.484375 0.920898 0.486328 0.924805 0.559570 0.940430 0.563477 0.937500 0.573242 0.940430 0.575195 0.936523 0.586914 0.942383 0.623047 0.944336 0.626953 0.954102 0.643555 0.956055 0.651367 0.949219 0.651367 0.931641 0.639648 0.927734 0.629883 0.915039 0.595703 0.915039 0.543945 0.889648 0.524414 0.886719 0.498047 0.875977 0.446289 0.862305 0.413086 0.859375 0.370117 0.845703 0.353516 0.844727 0.326172 0.832031 0.271484 0.821289 0.210938 0.800781 0.196289 0.803711 0.167969 0.796875 0.095703 0.763672 0.036133 0.755859 0.032227 0.764648