1 0.594727 0.392578 0.594727 0.413086 0.590820 0.424805 0.596680 0.434570 0.595703 0.453125 0.604492 0.472656 0.615234 0.485352 0.639648 0.500977 0.667969 0.499023 0.689453 0.508789 0.698242 0.506836 0.707031 0.499023 0.720703 0.477539 0.718750 0.469727 0.733398 0.457031 0.733398 0.436523 0.744141 0.429688 0.743164 0.425781 0.729492 0.415039 0.728516 0.407227 0.711914 0.387695 0.705078 0.386719 0.684570 0.392578 0.675781 0.382812 0.666016 0.384766 0.657227 0.381836 0.650391 0.387695 0.639648 0.387695 0.634766 0.381836 0.604492 0.381836 0.598633 0.383789 0.594727 0.392578
1 0.766602 0.696289 0.767578 0.716797 0.763672 0.727539 0.770508 0.734375 0.771484 0.743164 0.765625 0.762695 0.778320 0.776367 0.777344 0.799805 0.800781 0.803711 0.821289 0.798828 0.825195 0.795898 0.816406 0.788086 0.816406 0.782227 0.823242 0.778320 0.823242 0.773438 0.821289 0.767578 0.814453 0.764648 0.813477 0.753906 0.821289 0.751953 0.826172 0.734375 0.838867 0.719727 0.851562 0.713867 0.859375 0.706055 0.867188 0.665039 0.878906 0.649414 0.868164 0.640625 0.866211 0.625000 0.855469 0.625977 0.841797 0.609375 0.833984 0.591797 0.822266 0.585938 0.819336 0.581055 0.807617 0.584961 0.799805 0.583008 0.792969 0.591797 0.783203 0.595703 0.786133 0.629883 0.777344 0.644531 0.780273 0.668945 0.766602 0.696289
1 0.847656 0.383789 0.846680 0.404297 0.839844 0.412109 0.854492 0.430664 0.855469 0.451172 0.854492 0.462891 0.851562 0.465820 0.853516 0.473633 0.848633 0.481445 0.849609 0.491211 0.844727 0.500000 0.844727 0.507812 0.848633 0.510742 0.860352 0.508789 0.878906 0.521484 0.877930 0.540039 0.882812 0.549805 0.882812 0.564453 0.888672 0.579102 0.912109 0.592773 0.924805 0.610352 0.931641 0.606445 0.946289 0.608398 0.955078 0.603516 0.981445 0.603516 0.994141 0.597656 0.999023 0.593750 0.999023 0.435547 0.996094 0.428711 0.999023 0.419922 0.999023 0.401367 0.996094 0.393555 0.999023 0.379883 0.999023 0.369141 0.996094 0.366211 0.996094 0.359375 0.999023 0.357422 0.999023 0.325195 0.996094 0.325195 0.991211 0.317383 0.996094 0.317383 0.981445 0.316406 0.970703 0.302734 0.958984 0.300781 0.949219 0.307617 0.941406 0.299805 0.931641 0.296875 0.924805 0.314453 0.917969 0.323242 0.904297 0.321289 0.883789 0.330078 0.881836 0.362305 0.870117 0.369141 0.863281 0.378906 0.847656 0.383789
1 0.767578 0.698242 0.768555 0.715820 0.764648 0.727539 0.770508 0.732422 0.772461 0.741211 0.764648 0.761719 0.778320 0.777344 0.777344 0.797852 0.791992 0.804688 0.835938 0.802734 0.842773 0.809570 0.856445 0.831055 0.844727 0.851562 0.844727 0.869141 0.857422 0.873047 0.870117 0.882812 0.900391 0.893555 0.924805 0.891602 0.945312 0.882812 0.957031 0.872070 0.974609 0.842773 0.981445 0.826172 0.983398 0.810547 0.999023 0.802734 0.999023 0.711914 0.984375 0.698242 0.981445 0.686523 0.971680 0.680664 0.961914 0.667969 0.944336 0.665039 0.934570 0.654297 0.928711 0.654297 0.913086 0.667969 0.909180 0.675781 0.894531 0.678711 0.880859 0.690430 0.872070 0.688477 0.866211 0.682617 0.864258 0.667969 0.875977 0.649414 0.867188 0.641602 0.865234 0.626953 0.855469 0.626953 0.840820 0.609375 0.832031 0.592773 0.816406 0.583008 0.808594 0.586914 0.799805 0.586914 0.785156 0.598633 0.788086 0.629883 0.778320 0.645508 0.781250 0.668945 0.767578 0.698242
1 0.004883 0.011719 0.003906 0.021484 0.000000 0.026367 0.000000 0.049805 0.009766 0.051758 0.010742 0.054688 0.000000 0.057617 0.000000 0.134766 0.002930 0.136719 0.000000 0.140625 0.000000 0.320312 0.009766 0.323242 0.029297 0.316406 0.049805 0.331055 0.053711 0.344727 0.066406 0.358398 0.096680 0.371094 0.109375 0.370117 0.124023 0.362305 0.136719 0.329102 0.154297 0.316406 0.154297 0.269531 0.151367 0.259766 0.144531 0.251953 0.149414 0.242188 0.162109 0.236328 0.166992 0.227539 0.157227 0.201172 0.135742 0.181641 0.136719 0.174805 0.132812 0.172852 0.124023 0.154297 0.123047 0.132812 0.111328 0.122070 0.108398 0.110352 0.076172 0.078125 0.064453 0.051758 0.046875 0.035156 0.042969 0.016602 0.038086 0.011719 0.026367 0.008789 0.018555 0.008789 0.015625 0.011719 0.007812 0.008789 0.004883 0.011719
1 0.296875 0.730469 0.297852 0.750000 0.307617 0.755859 0.313477 0.775391 0.324219 0.789062 0.336914 0.798828 0.340820 0.813477 0.352539 0.824219 0.362305 0.827148 0.373047 0.824219 0.386719 0.825195 0.396484 0.831055 0.405273 0.831055 0.413086 0.820312 0.425781 0.812500 0.438477 0.816406 0.445312 0.813477 0.453125 0.804688 0.458984 0.781250 0.458008 0.751953 0.470703 0.734375 0.473633 0.721680 0.468750 0.709961 0.473633 0.677734 0.461914 0.665039 0.459961 0.647461 0.455078 0.647461 0.455078 0.633789 0.452148 0.629883 0.441406 0.629883 0.439453 0.634766 0.424805 0.629883 0.416992 0.646484 0.404297 0.658203 0.392578 0.657227 0.384766 0.651367 0.372070 0.651367 0.355469 0.659180 0.348633 0.667969 0.329102 0.676758 0.318359 0.687500 0.308594 0.704102 0.305664 0.717773 0.296875 0.730469
1 0.142578 0.408203 0.140625 0.436523 0.160156 0.472656 0.163086 0.488281 0.180664 0.516602 0.189453 0.549805 0.233398 0.594727 0.236328 0.608398 0.249023 0.628906 0.255859 0.658203 0.264648 0.672852 0.275391 0.683594 0.289062 0.679688 0.294922 0.683594 0.314453 0.684570 0.330078 0.668945 0.343750 0.661133 0.354492 0.647461 0.376953 0.643555 0.382812 0.638672 0.383789 0.625000 0.375977 0.608398 0.364258 0.611328 0.357422 0.602539 0.356445 0.585938 0.363281 0.572266 0.364258 0.561523 0.357422 0.550781 0.343750 0.539062 0.341797 0.515625 0.318359 0.474609 0.318359 0.452148 0.308594 0.434570 0.285156 0.414062 0.274414 0.415039 0.262695 0.421875 0.258789 0.419922 0.259766 0.414062 0.272461 0.400391 0.271484 0.384766 0.263672 0.375000 0.260742 0.362305 0.252930 0.351562 0.247070 0.334961 0.229492 0.311523 0.216797 0.309570 0.191406 0.318359 0.182617 0.338867 0.171875 0.350586 0.162109 0.375000 0.154297 0.382812 0.142578 0.408203
1 0.043945 0.546875 0.042969 0.554688 0.051758 0.595703 0.091797 0.618164 0.105469 0.615234 0.108398 0.612305 0.110352 0.594727 0.126953 0.584961 0.129883 0.560547 0.121094 0.541992 0.101562 0.524414 0.087891 0.520508 0.064453 0.527344 0.043945 0.546875
1 0.556641 0.992188 0.552734 0.994141 0.560547 0.994141 0.556641 0.992188
1 0.428711 0.980469 0.430664 0.983398 0.427734 0.988281 0.434570 0.990234 0.438477 0.987305 0.435547 0.980469 0.432617 0.983398 0.428711 0.980469
1 0.442383 0.973633 0.444336 0.976562 0.439453 0.985352 0.449219 0.993164 0.450195 0.987305 0.447266 0.984375 0.454102 0.976562 0.449219 0.972656 0.442383 0.973633
1 0.297852 0.730469 0.297852 0.748047 0.307617 0.757812 0.312500 0.771484 0.320312 0.782227 0.337891 0.796875 0.339844 0.806641 0.347656 0.809570 0.357422 0.825195 0.370117 0.828125 0.387695 0.824219 0.396484 0.830078 0.407227 0.830078 0.416992 0.833984 0.429688 0.857422 0.442383 0.869141 0.441406 0.887695 0.458984 0.904297 0.454102 0.921875 0.442383 0.934570 0.449219 0.953125 0.460938 0.972656 0.455078 0.986328 0.458984 0.992188 0.464844 0.982422 0.469727 0.982422 0.476562 0.995117 0.509766 0.999023 0.515625 0.995117 0.528320 0.993164 0.546875 0.994141 0.545898 0.990234 0.563477 0.987305 0.577148 0.987305 0.581055 0.994141 0.587891 0.994141 0.592773 0.990234 0.599609 0.994141 0.625977 0.995117 0.617188 0.990234 0.605469 0.974609 0.598633 0.973633 0.600586 0.965820 0.606445 0.958984 0.608398 0.934570 0.592773 0.879883 0.602539 0.861328 0.612305 0.831055 0.604492 0.816406 0.603516 0.806641 0.593750 0.793945 0.585938 0.773438 0.582031 0.740234 0.571289 0.727539 0.568359 0.712891 0.563477 0.706055 0.546875 0.695312 0.529297 0.690430 0.518555 0.693359 0.486328 0.691406 0.472656 0.680664 0.471680 0.674805 0.453125 0.657227 0.459961 0.653320 0.458984 0.645508 0.454102 0.640625 0.454102 0.633789 0.446289 0.628906 0.424805 0.628906 0.416016 0.646484 0.404297 0.658203 0.369141 0.652344 0.356445 0.658203 0.326172 0.680664 0.313477 0.693359 0.305664 0.720703 0.297852 0.730469
1 0.678711 0.539062 0.677734 0.556641 0.683594 0.572266 0.696289 0.585938 0.702148 0.587891 0.712891 0.585938 0.734375 0.589844 0.767578 0.570312 0.783203 0.565430 0.790039 0.557617 0.790039 0.552734 0.781250 0.540039 0.781250 0.535156 0.788086 0.524414 0.783203 0.508789 0.773438 0.503906 0.761719 0.503906 0.749023 0.497070 0.738281 0.502930 0.716797 0.503906 0.678711 0.539062
1 0.444336 0.846680 0.442383 0.853516 0.445312 0.874023 0.442383 0.887695 0.446289 0.892578 0.458984 0.897461 0.461914 0.903320 0.455078 0.921875 0.444336 0.931641 0.442383 0.938477 0.458984 0.964844 0.476562 0.983398 0.476562 0.994141 0.485352 0.997070 0.504883 0.997070 0.513672 0.991211 0.518555 0.981445 0.557617 0.982422 0.578125 0.966797 0.583008 0.953125 0.589844 0.948242 0.594727 0.949219 0.598633 0.936523 0.598633 0.919922 0.591797 0.889648 0.584961 0.875977 0.587891 0.870117 0.594727 0.871094 0.597656 0.868164 0.608398 0.832031 0.605469 0.820312 0.597656 0.809570 0.572266 0.800781 0.558594 0.804688 0.543945 0.801758 0.520508 0.808594 0.500000 0.807617 0.468750 0.817383 0.444336 0.846680
1 0.694336 0.483398 0.692383 0.482422 0.695312 0.491211 0.694336 0.483398
1 0.708984 0.472656 0.709961 0.478516 0.708984 0.472656
1 0.616211 0.466797 0.612305 0.462891 0.612305 0.465820 0.616211 0.466797
1 0.706055 0.461914 0.705078 0.466797 0.708984 0.466797 0.708984 0.462891 0.706055 0.461914
1 0.171875 0.011719 0.170898 0.021484 0.185547 0.031250 0.190430 0.041992 0.186523 0.063477 0.191406 0.075195 0.191406 0.083984 0.196289 0.090820 0.201172 0.091797 0.209961 0.082031 0.218750 0.082031 0.233398 0.091797 0.252930 0.093750 0.274414 0.115234 0.282227 0.132812 0.297852 0.154297 0.291016 0.169922 0.292969 0.179688 0.320312 0.178711 0.331055 0.191406 0.357422 0.191406 0.361328 0.223633 0.345703 0.254883 0.351562 0.268555 0.361328 0.264648 0.370117 0.254883 0.378906 0.236328 0.394531 0.218750 0.404297 0.217773 0.416992 0.223633 0.431641 0.209961 0.444336 0.223633 0.434570 0.237305 0.435547 0.243164 0.453125 0.262695 0.458008 0.278320 0.470703 0.283203 0.481445 0.295898 0.487305 0.321289 0.500000 0.311523 0.511719 0.317383 0.532227 0.313477 0.550781 0.321289 0.561523 0.337891 0.559570 0.354492 0.570312 0.360352 0.582031 0.372070 0.584961 0.381836 0.600586 0.396484 0.601562 0.404297 0.597656 0.407227 0.601562 0.411133 0.594727 0.423828 0.600586 0.445312 0.605469 0.452148 0.617188 0.451172 0.623047 0.457031 0.618164 0.462891 0.622070 0.473633 0.612305 0.471680 0.612305 0.476562 0.615234 0.476562 0.623047 0.487305 0.629883 0.490234 0.634766 0.488281 0.635742 0.494141 0.636719 0.492188 0.639648 0.495117 0.647461 0.495117 0.651367 0.491211 0.657227 0.498047 0.659180 0.492188 0.666992 0.491211 0.671875 0.496094 0.666992 0.499023 0.675781 0.496094 0.679688 0.500977 0.681641 0.496094 0.685547 0.500977 0.686523 0.483398 0.682617 0.480469 0.675781 0.483398 0.667969 0.457031 0.664062 0.454102 0.664062 0.448242 0.667969 0.447266 0.674805 0.435547 0.674805 0.427734 0.669922 0.417969 0.683594 0.414062 0.674805 0.408203 0.661133 0.409180 0.656250 0.397461 0.669922 0.392578 0.674805 0.386719 0.684570 0.394531 0.702148 0.390625 0.705078 0.379883 0.708984 0.379883 0.716797 0.372070 0.718750 0.354492 0.727539 0.344727 0.743164 0.336914 0.752930 0.326172 0.757812 0.306641 0.767578 0.294922 0.795898 0.284180 0.821289 0.280273 0.840820 0.273438 0.854492 0.265625 0.859375 0.257812 0.875000 0.251953 0.897461 0.250977 0.900391 0.242188 0.911133 0.233398 0.915039 0.225586 0.953125 0.202148 0.963867 0.189453 0.984375 0.183594 0.994141 0.178711 0.999023 0.171875 0.996094 0.166016 0.999023 0.162109 0.999023 0.128906 0.996094 0.126953 0.999023 0.119141 0.999023 0.081055 0.990234 0.070312 0.991211 0.052734 0.999023 0.040039 0.999023 0.026367 0.986328 0.009766 0.971680 0.002930 0.941406 0.004883 0.928711 0.000000 0.866211 0.000000 0.861328 0.003906 0.854492 0.000000 0.829102 0.000000 0.818359 0.003906 0.810547 0.000000 0.790039 0.002930 0.781250 0.002930 0.777344 0.000000 0.724609 0.000000 0.699219 0.004883 0.685547 0.000000 0.664062 0.000000 0.657227 0.002930 0.638672 0.000000 0.623047 0.004883 0.616211 0.000000 0.587891 0.000000 0.584961 0.002930 0.566406 0.004883 0.557617 0.000000 0.546875 0.000000 0.540039 0.003906 0.526367 0.002930 0.522461 0.000000 0.474609 0.000000 0.458008 0.006836 0.441406 0.006836 0.427734 0.000000 0.409180 0.000000 0.405273 0.002930 0.401367 0.000000 0.388672 0.000000 0.376953 0.004883 0.361328 0.003906 0.355469 0.000000 0.238281 0.000000 0.234375 0.002930 0.228516 0.000000 0.186523 0.000000 0.171875 0.011719
0 0.002930 0.552734 0.004883 0.556641 0.000000 0.559570 0.000000 0.722656 0.009766 0.730469 0.018555 0.728516 0.041992 0.707031 0.065430 0.693359 0.103516 0.662109 0.110352 0.652344 0.082031 0.614258 0.063477 0.606445 0.048828 0.595703 0.045898 0.567383 0.035156 0.546875 0.030273 0.545898 0.014648 0.553711 0.004883 0.549805 0.002930 0.552734
0 0.003906 0.533203 0.002930 0.539062 0.006836 0.547852 0.018555 0.545898 0.014648 0.536133 0.003906 0.533203
0 0.253906 0.820312 0.254883 0.823242 0.260742 0.824219 0.259277 0.827637 0.268555 0.830078 0.263672 0.832031 0.262695 0.840820 0.256836 0.844727 0.237305 0.842773 0.234375 0.846680 0.243164 0.855469 0.237305 0.866211 0.237305 0.881836 0.261719 0.903320 0.255859 0.915039 0.268555 0.916016 0.283203 0.924805 0.287109 0.929688 0.286133 0.935547 0.292969 0.934570 0.307617 0.946289 0.311523 0.953125 0.302734 0.958984 0.302734 0.962891 0.317383 0.960938 0.337891 0.972656 0.344727 0.980469 0.356445 0.978516 0.367188 0.972656 0.380859 0.949219 0.380859 0.933594 0.375000 0.920898 0.396484 0.897461 0.395508 0.890625 0.387695 0.882812 0.377930 0.865234 0.350586 0.840820 0.341797 0.836914 0.310547 0.805664 0.305664 0.809570 0.295898 0.809570 0.273438 0.831055 0.253906 0.820312