1 0.005859 0.020508 0.000000 0.020508 0.000000 0.352539 0.012695 0.357422 0.013672 0.371094 0.026367 0.377930 0.028320 0.387695 0.034180 0.394531 0.042969 0.397461 0.043945 0.370117 0.064453 0.341797 0.079102 0.336914 0.079102 0.326172 0.084961 0.326172 0.098633 0.316406 0.105469 0.321289 0.107422 0.317383 0.099609 0.305664 0.098633 0.292969 0.088867 0.286133 0.091797 0.274414 0.084961 0.258789 0.083984 0.240234 0.064453 0.216797 0.066406 0.199219 0.055664 0.174805 0.059570 0.139648 0.050781 0.125000 0.046875 0.105469 0.053711 0.084961 0.052734 0.075195 0.048828 0.067383 0.034180 0.064453 0.029297 0.053711 0.029297 0.034180 0.025391 0.023438 0.005859 0.020508
1 0.174805 0.415039 0.173828 0.443359 0.184570 0.458984 0.176758 0.478516 0.181641 0.483398 0.193359 0.485352 0.198242 0.489258 0.205078 0.510742 0.214844 0.519531 0.222656 0.539062 0.230469 0.544922 0.239258 0.532227 0.253906 0.520508 0.258789 0.503906 0.267578 0.491211 0.272461 0.489258 0.280273 0.473633 0.277344 0.449219 0.272461 0.442383 0.261719 0.439453 0.244141 0.421875 0.237305 0.419922 0.231445 0.412109 0.224609 0.409180 0.210938 0.411133 0.202148 0.406250 0.194336 0.407227 0.187500 0.404297 0.174805 0.415039
1 0.650391 0.831055 0.649414 0.841797 0.656250 0.882812 0.668945 0.903320 0.692383 0.921875 0.723633 0.916016 0.741211 0.887695 0.764648 0.891602 0.779297 0.885742 0.788086 0.863281 0.807617 0.834961 0.806641 0.826172 0.771484 0.790039 0.750977 0.779297 0.730469 0.782227 0.712891 0.772461 0.699219 0.772461 0.690430 0.768555 0.682617 0.768555 0.674805 0.777344 0.664062 0.798828 0.661133 0.817383 0.650391 0.831055
1 0.776367 0.629883 0.776367 0.641602 0.769531 0.654297 0.779297 0.679688 0.791016 0.682617 0.809570 0.693359 0.829102 0.692383 0.847656 0.685547 0.862305 0.633789 0.855469 0.621094 0.855469 0.609375 0.840820 0.588867 0.831055 0.585938 0.820312 0.593750 0.800781 0.596680 0.788086 0.608398 0.776367 0.629883
1 0.611328 0.753906 0.612305 0.753906 0.612305 0.756836 0.611328 0.756836
1 0.631836 0.743164 0.633789 0.747070 0.631836 0.743164
1 0.639648 0.740234 0.640625 0.740234 0.640625 0.741211 0.639648 0.741211
1 0.594727 0.742188 0.590820 0.750000 0.598633 0.750977 0.594727 0.757812 0.598633 0.758789 0.597656 0.765625 0.600586 0.771484 0.612305 0.776367 0.612305 0.740234 0.605469 0.744141 0.606445 0.748047 0.598633 0.745117 0.599609 0.740234 0.594727 0.742188
1 0.640625 0.726562 0.643555 0.726562 0.643555 0.727539 0.640625 0.727539
1 0.626953 0.724609 0.618164 0.733398 0.625000 0.741211 0.636719 0.737305 0.632812 0.732422 0.625977 0.730469 0.626953 0.724609
1 0.611328 0.719727 0.611328 0.725586 0.601562 0.732422 0.601562 0.738281 0.613281 0.734375 0.613281 0.729492 0.609375 0.728516 0.620117 0.719727 0.611328 0.719727
1 0.612305 0.711914 0.613281 0.711914 0.613281 0.713867 0.612305 0.713867
1 0.565430 0.706055 0.561523 0.706055 0.565430 0.706055
1 0.328125 0.438477 0.322266 0.438477 0.328125 0.438477
1 0.646484 0.128906 0.649414 0.131836 0.654297 0.129883 0.646484 0.128906
1 0.657227 0.125000 0.658203 0.125000 0.658203 0.126953 0.657227 0.126953
1 0.658203 0.092773 0.657227 0.105469 0.661133 0.109375 0.667969 0.104492 0.671875 0.108398 0.671875 0.125977 0.677734 0.129883 0.681641 0.129883 0.678711 0.123047 0.688477 0.119141 0.692383 0.132812 0.697266 0.131836 0.697266 0.139648 0.703125 0.145508 0.719727 0.139648 0.723633 0.134766 0.726562 0.114258 0.721680 0.105469 0.724609 0.100586 0.720703 0.095703 0.712891 0.094727 0.706055 0.089844 0.701172 0.097656 0.692383 0.101562 0.689453 0.087891 0.685547 0.084961 0.678711 0.086914 0.674805 0.091797 0.664062 0.087891 0.658203 0.092773
1 0.667969 0.074219 0.658203 0.075195 0.665039 0.078125 0.667969 0.074219
1 0.634766 0.062500 0.637695 0.065430 0.641602 0.063477 0.634766 0.062500
1 0.636719 0.046875 0.636719 0.051758 0.636719 0.046875
1 0.722656 0.010742 0.723633 0.010742 0.723633 0.011719 0.722656 0.011719
1 0.705078 0.007812 0.703125 0.014648 0.708008 0.011719 0.714844 0.014648 0.721680 0.008789 0.720703 0.004883 0.715820 0.004883 0.714844 0.010742 0.710938 0.009766 0.708984 0.004883 0.705078 0.007812
1 0.028320 0.000000 0.024414 0.003906 0.025391 0.023438 0.032227 0.040039 0.033203 0.050781 0.040039 0.058594 0.044922 0.059570 0.045898 0.069336 0.049805 0.069336 0.058594 0.081055 0.057617 0.091797 0.052734 0.098633 0.058594 0.101562 0.064453 0.112305 0.060547 0.115234 0.065430 0.126953 0.062500 0.130859 0.059570 0.153320 0.059570 0.179688 0.064453 0.184570 0.068359 0.198242 0.073242 0.244141 0.084961 0.247070 0.097656 0.245117 0.104492 0.250977 0.114258 0.253906 0.135742 0.273438 0.150391 0.294922 0.156250 0.328125 0.166992 0.351562 0.175781 0.359375 0.181641 0.373047 0.202148 0.389648 0.200195 0.397461 0.205078 0.407227 0.201172 0.410156 0.183594 0.411133 0.177734 0.421875 0.176758 0.442383 0.187500 0.458008 0.183594 0.473633 0.201172 0.489258 0.206055 0.506836 0.219727 0.519531 0.223633 0.533203 0.234375 0.546875 0.237305 0.546875 0.248047 0.534180 0.265625 0.534180 0.268555 0.524414 0.272461 0.525391 0.271484 0.521484 0.295898 0.519531 0.292969 0.526367 0.300781 0.536133 0.299805 0.543945 0.297852 0.546875 0.289062 0.546875 0.288086 0.549805 0.293945 0.556641 0.286133 0.559570 0.279297 0.571289 0.269531 0.572266 0.264648 0.578125 0.258789 0.577148 0.262695 0.588867 0.259766 0.601562 0.261719 0.637695 0.269531 0.653320 0.253906 0.666016 0.257812 0.679688 0.297852 0.709961 0.301758 0.729492 0.312500 0.741211 0.309570 0.750977 0.312500 0.757812 0.319336 0.764648 0.333984 0.767578 0.344727 0.788086 0.376953 0.817383 0.419922 0.864258 0.440430 0.878906 0.445312 0.889648 0.464844 0.912109 0.502930 0.943359 0.517578 0.960938 0.525391 0.983398 0.535156 0.992188 0.550781 0.999023 0.564453 0.999023 0.568359 0.996094 0.578125 0.999023 0.607422 0.999023 0.647461 0.992188 0.654297 0.981445 0.655273 0.969727 0.661133 0.960938 0.664062 0.942383 0.667969 0.937500 0.667969 0.927734 0.655273 0.902344 0.649414 0.879883 0.648438 0.856445 0.641602 0.842773 0.621094 0.820312 0.626953 0.804688 0.614258 0.806641 0.608398 0.810547 0.600586 0.802734 0.605469 0.801758 0.605469 0.796875 0.599609 0.794922 0.593750 0.787109 0.585938 0.768555 0.572266 0.763672 0.557617 0.752930 0.553711 0.744141 0.557617 0.737305 0.553711 0.733398 0.554688 0.715820 0.559570 0.712891 0.554688 0.709961 0.549805 0.700195 0.545898 0.702148 0.525391 0.688477 0.503906 0.687500 0.500977 0.694336 0.497070 0.694336 0.487305 0.704102 0.479492 0.706055 0.476562 0.710938 0.456055 0.712891 0.455078 0.700195 0.451172 0.695312 0.459961 0.689453 0.464844 0.680664 0.465820 0.677734 0.461914 0.673828 0.475586 0.668945 0.478516 0.662109 0.484375 0.667969 0.475586 0.651367 0.468750 0.647461 0.466797 0.636719 0.459961 0.632812 0.459961 0.628906 0.448242 0.617188 0.438477 0.597656 0.414062 0.566406 0.401367 0.541016 0.396484 0.521484 0.402344 0.511719 0.421875 0.517578 0.442383 0.514648 0.452148 0.519531 0.474609 0.515625 0.484375 0.506836 0.488281 0.491211 0.492188 0.487305 0.489258 0.469727 0.495117 0.461914 0.500977 0.460938 0.515625 0.467773 0.519531 0.482422 0.527344 0.489258 0.538086 0.493164 0.547852 0.504883 0.558594 0.524414 0.566406 0.564453 0.590820 0.579102 0.597656 0.579102 0.610352 0.571289 0.640625 0.567383 0.652344 0.562500 0.664062 0.549805 0.681641 0.539062 0.689453 0.524414 0.708008 0.515625 0.724609 0.500977 0.726562 0.488281 0.754883 0.453125 0.768555 0.452148 0.774414 0.447266 0.789062 0.445312 0.792969 0.440430 0.795898 0.424805 0.806641 0.408203 0.807617 0.394531 0.818359 0.362305 0.814453 0.357422 0.803711 0.353516 0.802734 0.336914 0.795898 0.313477 0.788086 0.303711 0.770508 0.298828 0.761719 0.286133 0.746094 0.273438 0.734375 0.252930 0.730469 0.234375 0.715820 0.218750 0.696289 0.215820 0.690430 0.209961 0.681641 0.194336 0.669922 0.182617 0.666016 0.171875 0.653320 0.164062 0.653320 0.143555 0.642578 0.139648 0.636719 0.129883 0.631836 0.133789 0.627930 0.130859 0.626953 0.116211 0.631836 0.106445 0.641602 0.105469 0.640625 0.093750 0.637695 0.091797 0.640625 0.083008 0.632812 0.075195 0.624023 0.072266 0.622070 0.067383 0.627930 0.063477 0.630859 0.054688 0.641602 0.043945 0.647461 0.046875 0.649414 0.058594 0.646484 0.063477 0.649414 0.064453 0.653320 0.058594 0.652344 0.053711 0.667969 0.041016 0.669922 0.032227 0.673828 0.029297 0.671875 0.025391 0.677734 0.022461 0.676758 0.018555 0.671875 0.017578 0.667969 0.010742 0.659180 0.009766 0.644531 0.017578 0.641602 0.015625 0.643555 0.007812 0.639648 0.003906 0.626953 0.003906 0.623047 0.007812 0.620117 0.004883 0.607422 0.003906 0.593750 0.007812 0.590820 0.004883 0.577148 0.002930 0.545898 0.001953 0.525391 0.006836 0.508789 0.000000 0.386719 0.000000 0.375977 0.004883 0.356445 0.002930 0.353516 0.000000 0.332031 0.000000 0.323242 0.003906 0.311523 0.002930 0.308594 0.000000 0.291016 0.002930 0.284180 0.000000 0.239258 0.000000 0.221680 0.006836 0.206055 0.000000 0.183594 0.000000 0.178711 0.004883 0.164062 0.000000 0.136719 0.000000 0.123047 0.003906 0.110352 0.000000 0.083008 0.000000 0.081055 0.002930 0.072266 0.003906 0.062500 0.000000 0.028320 0.000000
1 0.558594 0.718750 0.557617 0.727539 0.562500 0.737305 0.560547 0.751953 0.570312 0.761719 0.583984 0.761719 0.589844 0.768555 0.595703 0.786133 0.605469 0.792969 0.612305 0.789062 0.619141 0.793945 0.633789 0.793945 0.637695 0.772461 0.643555 0.765625 0.649414 0.763672 0.657227 0.742188 0.667969 0.728516 0.667969 0.723633 0.648438 0.710938 0.647461 0.706055 0.633789 0.692383 0.606445 0.688477 0.593750 0.688477 0.585938 0.692383 0.569336 0.711914 0.558594 0.718750
1 0.235352 0.406250 0.239258 0.407227 0.235352 0.406250
1 0.233398 0.400391 0.229492 0.400391 0.233398 0.400391
1 0.639648 0.100586 0.635742 0.102539 0.636719 0.106445 0.640625 0.104492 0.639648 0.100586
1 0.629883 0.098633 0.630859 0.098633 0.630859 0.101562 0.629883 0.101562
1 0.703125 0.108398 0.709961 0.108398 0.710938 0.112305 0.703125 0.120117 0.703125 0.130859 0.699219 0.140625 0.703125 0.138672 0.709961 0.144531 0.709961 0.141602 0.719727 0.139648 0.725586 0.131836 0.724609 0.122070 0.728516 0.112305 0.724609 0.109375 0.724609 0.099609 0.721680 0.096680 0.710938 0.096680 0.706055 0.092773 0.707031 0.101562 0.703125 0.108398
1 0.658203 0.093750 0.657227 0.099609 0.662109 0.107422 0.668945 0.104492 0.673828 0.108398 0.666992 0.116211 0.671875 0.115234 0.677734 0.129883 0.683594 0.129883 0.679688 0.122070 0.686523 0.119141 0.683594 0.116211 0.687500 0.111328 0.682617 0.109375 0.688477 0.102539 0.686523 0.088867 0.683594 0.088867 0.682617 0.093750 0.678711 0.090820 0.673828 0.092773 0.667969 0.087891 0.658203 0.093750
1 0.627930 0.078125 0.628906 0.085938 0.636719 0.084961 0.634766 0.080078 0.627930 0.078125
1 0.648438 0.064453 0.651367 0.069336 0.647461 0.070312 0.651367 0.071289 0.650391 0.063477 0.648438 0.064453
1 0.719727 0.028320 0.720703 0.028320 0.720703 0.029297 0.719727 0.029297
1 0.712891 0.014648 0.713867 0.014648 0.713867 0.015625 0.712891 0.015625
1 0.116211 0.007812 0.114258 0.008789 0.116211 0.007812
1 0.027344 0.003906 0.027344 0.023438 0.034180 0.041992 0.034180 0.049805 0.044922 0.053711 0.046875 0.065430 0.050781 0.065430 0.059570 0.081055 0.058594 0.098633 0.064453 0.105469 0.072266 0.108398 0.072266 0.123047 0.065430 0.130859 0.060547 0.175781 0.071289 0.203125 0.075195 0.237305 0.112305 0.245117 0.142578 0.279297 0.151367 0.292969 0.157227 0.330078 0.167969 0.350586 0.176758 0.358398 0.184570 0.374023 0.197266 0.379883 0.203125 0.386719 0.214844 0.385742 0.219727 0.389648 0.210938 0.396484 0.218750 0.403320 0.225586 0.404297 0.224609 0.390625 0.230469 0.386719 0.232422 0.378906 0.238281 0.378906 0.240234 0.390625 0.245117 0.391602 0.247070 0.380859 0.250977 0.379883 0.246094 0.376953 0.247070 0.371094 0.250977 0.372070 0.254883 0.367188 0.261719 0.371094 0.263672 0.368164 0.275391 0.367188 0.293945 0.383789 0.301758 0.403320 0.316406 0.420898 0.320312 0.422852 0.329102 0.418945 0.342773 0.418945 0.362305 0.425781 0.391602 0.454102 0.402344 0.470703 0.406250 0.482422 0.406250 0.497070 0.405273 0.501953 0.400391 0.504883 0.401367 0.511719 0.422852 0.516602 0.442383 0.513672 0.455078 0.519531 0.473633 0.515625 0.480469 0.511719 0.489258 0.490234 0.494141 0.487305 0.490234 0.472656 0.494141 0.463867 0.498047 0.459961 0.511719 0.461914 0.519531 0.468750 0.519531 0.477539 0.523438 0.484375 0.540039 0.493164 0.548828 0.504883 0.560547 0.529297 0.567383 0.563477 0.590820 0.579102 0.597656 0.579102 0.608398 0.571289 0.640625 0.568359 0.652344 0.561523 0.665039 0.549805 0.679688 0.541992 0.692383 0.522461 0.708008 0.515625 0.723633 0.501953 0.725586 0.490234 0.754883 0.454102 0.789062 0.445312 0.792969 0.440430 0.794922 0.427734 0.804688 0.409180 0.811523 0.375977 0.818359 0.362305 0.815430 0.357422 0.802734 0.351562 0.802734 0.337891 0.793945 0.309570 0.786133 0.302734 0.770508 0.298828 0.764648 0.292969 0.761719 0.286133 0.741211 0.268555 0.733398 0.250977 0.730469 0.234375 0.715820 0.219727 0.706055 0.215820 0.695312 0.215820 0.682617 0.195312 0.669922 0.183594 0.664062 0.169922 0.650391 0.164062 0.653320 0.145508 0.648438 0.143555 0.647461 0.129883 0.643555 0.128906 0.643555 0.125977 0.629883 0.132812 0.625977 0.119141 0.614258 0.127930 0.607422 0.122070 0.606445 0.087891 0.612305 0.088867 0.625000 0.083984 0.625000 0.077148 0.615234 0.075195 0.616211 0.070312 0.611328 0.068359 0.612305 0.065430 0.620117 0.066406 0.626953 0.060547 0.623047 0.051758 0.615234 0.045898 0.615234 0.039062 0.622070 0.031250 0.626953 0.033203 0.641602 0.022461 0.644531 0.024414 0.645508 0.032227 0.641602 0.044922 0.651367 0.044922 0.653320 0.047852 0.666016 0.044922 0.669922 0.031250 0.678711 0.029297 0.668945 0.016602 0.658203 0.012695 0.650391 0.019531 0.644531 0.015625 0.638672 0.017578 0.638672 0.009766 0.636719 0.007812 0.632812 0.010742 0.625977 0.006836 0.627930 0.004883 0.623047 0.009766 0.616211 0.006836 0.605469 0.009766 0.600586 0.004883 0.594727 0.007812 0.565430 0.001953 0.547852 0.001953 0.532227 0.004883 0.529297 0.009766 0.522461 0.009766 0.519531 0.004883 0.505859 0.000000 0.434570 0.000000 0.414062 0.003906 0.392578 0.000000 0.375977 0.006836 0.365234 0.006836 0.347656 0.000000 0.335938 0.000000 0.329102 0.006836 0.309570 0.002930 0.285156 0.003906 0.276367 0.000000 0.241211 0.000000 0.230469 0.009766 0.216797 0.009766 0.208984 0.003906 0.200195 0.001953 0.185547 0.004883 0.181641 0.008789 0.159180 0.000000 0.150391 0.000000 0.147461 0.002930 0.125000 0.003906 0.119141 0.016602 0.111328 0.010742 0.110352 0.004883 0.104492 0.000000 0.087891 0.000000 0.081055 0.004883 0.071289 0.005859 0.064453 0.003906 0.062500 0.000000 0.032227 0.000000 0.027344 0.003906
0 0.657227 0.677734 0.654297 0.681641 0.657227 0.710938 0.670898 0.723633 0.674805 0.736328 0.700195 0.766602 0.706055 0.769531 0.712891 0.768555 0.730469 0.780273 0.756836 0.780273 0.772461 0.788086 0.795898 0.806641 0.806641 0.806641 0.806641 0.799805 0.816406 0.787109 0.814453 0.775391 0.871094 0.724609 0.871094 0.718750 0.848633 0.689453 0.826172 0.696289 0.816406 0.696289 0.804688 0.694336 0.786133 0.684570 0.775391 0.683594 0.765625 0.657227 0.750977 0.664062 0.715820 0.622070 0.706055 0.625977 0.657227 0.677734
0 0.708008 0.162109 0.707031 0.167969 0.723633 0.215820 0.733398 0.226562 0.740234 0.250000 0.749023 0.266602 0.764648 0.282227 0.771484 0.293945 0.791992 0.299805 0.802734 0.315430 0.811523 0.321289 0.814453 0.329102 0.810547 0.340820 0.812500 0.348633 0.829102 0.347656 0.869141 0.331055 0.875977 0.333008 0.886719 0.345703 0.890625 0.345703 0.958984 0.320312 0.964844 0.316406 0.962891 0.295898 0.977539 0.287109 0.999023 0.280273 0.999023 0.014648 0.956055 0.029297 0.959961 0.050781 0.951172 0.057617 0.882812 0.082031 0.878906 0.081055 0.871094 0.066406 0.866211 0.064453 0.789062 0.093750 0.791016 0.116211 0.788086 0.119141 0.744141 0.136719 0.723633 0.156250 0.708008 0.162109