1 0.033203 0.162109 0.031250 0.166016 0.035156 0.171875 0.040039 0.166016 0.046875 0.165039 0.033203 0.162109
1 0.028320 0.156250 0.030273 0.156250 0.030273 0.158203 0.028320 0.158203
1 0.051758 0.000000 0.000000 0.000000 0.000000 0.166016 0.003906 0.165039 0.006836 0.168945 0.007812 0.179688 0.015625 0.174805 0.010742 0.175781 0.010742 0.160156 0.021484 0.157227 0.025391 0.145508 0.037109 0.145508 0.043945 0.150391 0.045898 0.154297 0.042969 0.157227 0.053711 0.156250 0.056641 0.159180 0.064453 0.155273 0.068359 0.149414 0.077148 0.147461 0.084961 0.140625 0.092773 0.125977 0.098633 0.105469 0.098633 0.086914 0.092773 0.076172 0.082031 0.072266 0.054688 0.047852 0.052734 0.032227 0.063477 0.003906 0.051758 0.000000
1 0.722656 0.736328 0.722656 0.752930 0.727539 0.751953 0.730469 0.755859 0.734375 0.752930 0.738281 0.755859 0.748047 0.775391 0.742188 0.786133 0.743164 0.797852 0.739258 0.805664 0.745117 0.821289 0.753906 0.832031 0.768555 0.836914 0.781250 0.850586 0.781250 0.858398 0.754883 0.884766 0.754883 0.917969 0.767578 0.928711 0.775391 0.946289 0.774414 0.957031 0.780273 0.964844 0.797852 0.964844 0.810547 0.971680 0.813477 0.979492 0.811523 0.994141 0.815430 0.999023 0.868164 0.999023 0.873047 0.995117 0.902344 0.997070 0.924805 0.993164 0.958984 0.997070 0.967773 0.996094 0.974609 0.989258 0.987305 0.989258 0.991211 0.986328 0.999023 0.967773 0.999023 0.911133 0.995117 0.906250 0.994141 0.886719 0.994141 0.873047 0.999023 0.868164 0.999023 0.836914 0.996094 0.833984 0.999023 0.823242 0.994141 0.817383 0.995117 0.813477 0.999023 0.813477 0.999023 0.800781 0.995117 0.795898 0.999023 0.789062 0.999023 0.777344 0.994141 0.750000 0.984375 0.757812 0.979492 0.753906 0.975586 0.726562 0.965820 0.714844 0.936523 0.699219 0.915039 0.700195 0.899414 0.691406 0.885742 0.690430 0.871094 0.696289 0.851562 0.717773 0.836914 0.722656 0.794922 0.722656 0.765625 0.738281 0.757812 0.729492 0.748047 0.731445 0.741211 0.741211 0.734375 0.739258 0.730469 0.732422 0.725586 0.732422 0.722656 0.736328
1 0.144531 0.000000 0.090820 0.000000 0.090820 0.003906 0.095703 0.015625 0.109375 0.034180 0.132812 0.040039 0.141602 0.037109 0.149414 0.026367 0.148438 0.009766 0.144531 0.000000
1 0.950195 0.430664 0.948242 0.451172 0.936523 0.466797 0.937500 0.475586 0.945312 0.483398 0.963867 0.492188 0.968750 0.499023 0.973633 0.509766 0.973633 0.534180 0.981445 0.538086 0.999023 0.538086 0.999023 0.415039 0.987305 0.411133 0.965820 0.411133 0.950195 0.430664
1 0.984375 0.399414 0.987305 0.400391 0.984375 0.399414
1 0.983398 0.382812 0.980469 0.386719 0.982422 0.393555 0.988281 0.396484 0.988281 0.384766 0.983398 0.382812
1 0.990234 0.367188 0.987305 0.370117 0.993164 0.369141 0.990234 0.367188
1 0.004883 0.278320 0.006836 0.278320 0.006836 0.279297 0.004883 0.279297
1 0.020508 0.183594 0.008789 0.191406 0.000000 0.189453 0.000000 0.235352 0.019531 0.251953 0.017578 0.269531 0.014648 0.273438 0.011719 0.272461 0.012695 0.276367 0.008789 0.279297 0.012695 0.286133 0.012695 0.299805 0.003906 0.309570 0.002930 0.335938 0.013672 0.346680 0.018555 0.359375 0.032227 0.371094 0.048828 0.375000 0.056641 0.381836 0.070312 0.378906 0.085938 0.379883 0.100586 0.385742 0.097656 0.393555 0.104492 0.421875 0.098633 0.432617 0.097656 0.442383 0.116211 0.456055 0.130859 0.456055 0.145508 0.441406 0.158203 0.412109 0.154297 0.391602 0.150391 0.385742 0.141602 0.381836 0.141602 0.373047 0.195312 0.362305 0.214844 0.348633 0.216797 0.335938 0.203125 0.324219 0.188477 0.317383 0.181641 0.320312 0.171875 0.333008 0.148438 0.318359 0.139648 0.302734 0.130859 0.250000 0.120117 0.235352 0.105469 0.224609 0.083984 0.220703 0.059570 0.196289 0.043945 0.198242 0.029297 0.184570 0.020508 0.183594
1 0.920898 0.004883 0.917969 0.004883 0.921875 0.009766 0.920898 0.004883
1 0.733398 0.129883 0.732422 0.150391 0.738281 0.187500 0.761719 0.218750 0.784180 0.239258 0.787109 0.247070 0.797852 0.257812 0.810547 0.263672 0.840820 0.269531 0.864258 0.241211 0.882812 0.232422 0.903320 0.239258 0.916016 0.235352 0.938477 0.252930 0.947266 0.255859 0.947266 0.248047 0.934570 0.237305 0.934570 0.233398 0.941406 0.226562 0.962891 0.218750 0.970703 0.218750 0.981445 0.222656 0.987305 0.228516 0.994141 0.227539 0.994141 0.210938 0.988281 0.199219 0.995117 0.187500 0.999023 0.167969 0.999023 0.144531 0.996094 0.141602 0.999023 0.132812 0.996094 0.094727 0.999023 0.086914 0.996094 0.084961 0.993164 0.053711 0.999023 0.033203 0.996094 0.030273 0.995117 0.015625 0.987305 0.002930 0.979492 0.003906 0.976562 0.000000 0.973633 0.000000 0.967773 0.008789 0.958984 0.003906 0.944336 0.004883 0.936523 0.012695 0.935547 0.007812 0.928711 0.008789 0.929688 0.011719 0.923828 0.016602 0.916992 0.015625 0.916016 0.007812 0.912109 0.004883 0.892578 0.003906 0.883789 0.000000 0.849609 0.000000 0.829102 0.006836 0.820312 0.005859 0.805664 0.021484 0.782227 0.026367 0.748047 0.053711 0.746094 0.084961 0.733398 0.129883
1 0.187500 0.000000 0.186523 0.008789 0.189453 0.014648 0.212891 0.021484 0.229492 0.039062 0.229492 0.054688 0.210938 0.078125 0.211914 0.091797 0.232422 0.109375 0.255859 0.116211 0.299805 0.105469 0.316406 0.092773 0.329102 0.078125 0.336914 0.059570 0.362305 0.047852 0.373047 0.031250 0.388672 0.017578 0.391602 0.007812 0.390625 0.000000 0.283203 0.000000 0.280273 0.002930 0.271484 0.000000 0.187500 0.000000
1 0.440430 0.638672 0.440430 0.658203 0.452148 0.682617 0.454102 0.700195 0.465820 0.712891 0.473633 0.730469 0.473633 0.737305 0.483398 0.752930 0.485352 0.764648 0.491211 0.767578 0.500977 0.758789 0.505859 0.762695 0.499023 0.777344 0.504883 0.788086 0.528320 0.795898 0.540039 0.807617 0.543945 0.807617 0.549805 0.801758 0.554688 0.802734 0.558594 0.806641 0.555664 0.817383 0.561523 0.825195 0.578125 0.824219 0.583008 0.820312 0.586914 0.808594 0.596680 0.794922 0.612305 0.790039 0.617188 0.784180 0.634766 0.774414 0.640625 0.756836 0.639648 0.748047 0.648438 0.737305 0.644531 0.719727 0.662109 0.709961 0.665039 0.649414 0.654297 0.636719 0.629883 0.630859 0.593750 0.591797 0.576172 0.589844 0.560547 0.579102 0.538086 0.585938 0.498047 0.585938 0.479492 0.592773 0.471680 0.602539 0.465820 0.612305 0.467773 0.625977 0.461914 0.632812 0.440430 0.638672
1 0.072266 0.917969 0.068359 0.924805 0.070312 0.938477 0.074219 0.946289 0.089844 0.961914 0.078125 0.975586 0.071289 0.992188 0.072266 0.999023 0.331055 0.999023 0.344727 0.987305 0.334961 0.980469 0.324219 0.965820 0.304688 0.962891 0.299805 0.945312 0.291992 0.938477 0.286133 0.939453 0.269531 0.955078 0.259766 0.954102 0.253906 0.940430 0.246094 0.936523 0.240234 0.928711 0.248047 0.915039 0.248047 0.907227 0.233398 0.897461 0.203125 0.869141 0.196289 0.862305 0.188477 0.846680 0.175781 0.835938 0.153320 0.835938 0.140625 0.841797 0.126953 0.855469 0.123047 0.872070 0.114258 0.877930 0.103516 0.891602 0.088867 0.897461 0.072266 0.917969
0 0.001953 0.605469 0.004883 0.610352 0.000000 0.610370 0.000000 0.870117 0.022461 0.850586 0.033203 0.849609 0.065430 0.887695 0.073242 0.894531 0.077148 0.894531 0.112305 0.866211 0.120117 0.856445 0.121094 0.850586 0.131836 0.840820 0.179688 0.809570 0.192383 0.791992 0.195312 0.779297 0.124023 0.690430 0.084961 0.648438 0.078125 0.648438 0.057617 0.662109 0.001953 0.605469