1 0.424805 0.386719 0.425781 0.386719 0.425781 0.388672 0.424805 0.388672
1 0.356445 0.452148 0.355469 0.473633 0.359375 0.481445 0.377930 0.493164 0.394531 0.518555 0.405273 0.523438 0.411133 0.533203 0.414062 0.532227 0.424805 0.539062 0.447266 0.539062 0.452148 0.541992 0.457031 0.539062 0.472656 0.538086 0.479492 0.546875 0.485352 0.548828 0.521484 0.536133 0.534180 0.523438 0.535156 0.518555 0.528320 0.508789 0.534180 0.479492 0.519531 0.449219 0.530273 0.427734 0.535156 0.424805 0.536133 0.417969 0.519531 0.408203 0.501953 0.411133 0.465820 0.405273 0.446289 0.385742 0.435547 0.386719 0.433594 0.390625 0.422852 0.393555 0.400391 0.390625 0.389648 0.397461 0.384766 0.417969 0.362305 0.436523
1 0.008789 0.113281 0.000000 0.113281 0.000000 0.379883 0.008789 0.384766 0.021484 0.385742 0.039062 0.400391 0.047852 0.403320 0.058594 0.402344 0.070312 0.408203 0.077148 0.408203 0.089844 0.395508 0.110352 0.385742 0.106445 0.352539 0.121094 0.331055 0.118164 0.328125 0.121094 0.324219 0.121094 0.295898 0.125000 0.292969 0.130859 0.276367 0.129883 0.252930 0.124023 0.243164 0.110352 0.230469 0.107422 0.219727 0.100586 0.213867 0.096680 0.199219 0.080078 0.191406 0.064453 0.166016 0.038086 0.147461 0.035156 0.132812 0.023438 0.126953
1 0.417969 0.006836 0.418945 0.029297 0.409180 0.075195 0.416016 0.104492 0.428711 0.120117 0.434570 0.125977 0.455078 0.133789 0.461914 0.140625 0.471680 0.159180 0.480469 0.165039 0.502930 0.165039 0.511719 0.153320 0.541992 0.151367 0.547852 0.127930 0.558594 0.119141 0.559570 0.112305 0.565430 0.105469 0.566406 0.093750 0.558594 0.075195 0.544922 0.063477 0.541016 0.039062 0.534180 0.029297 0.536133 0.016602 0.542969 0.004883 0.541016 0.000000 0.420898 0.000000
1 0.648438 0.232422 0.649414 0.265625 0.641602 0.280273 0.641602 0.292969 0.652344 0.318359 0.652344 0.333984 0.654297 0.338867 0.666016 0.346680 0.696289 0.379883 0.731445 0.404297 0.740234 0.403320 0.753906 0.388672 0.765625 0.386719 0.779297 0.379883 0.791016 0.386719 0.798828 0.387695 0.808594 0.386719 0.817383 0.380859 0.822266 0.345703 0.831055 0.338867 0.842773 0.337891 0.843750 0.331055 0.841797 0.295898 0.832031 0.279297 0.834961 0.266602 0.833984 0.247070 0.818359 0.226562 0.809570 0.222656 0.790039 0.224609 0.779297 0.233398 0.766602 0.233398 0.745117 0.224609 0.732422 0.224609 0.720703 0.214844 0.698242 0.215820 0.671875 0.205078 0.666016 0.213867 0.650391 0.226562
1 0.675781 0.756836 0.676758 0.787109 0.687500 0.809570 0.699219 0.820312 0.710938 0.823242 0.747070 0.867188 0.760742 0.875000 0.779297 0.878906 0.790039 0.885742 0.806641 0.882812 0.816406 0.875977 0.823242 0.864258 0.834961 0.867188 0.844727 0.862305 0.849609 0.853516 0.868164 0.834961 0.891602 0.842773 0.905273 0.841797 0.917969 0.835938 0.936523 0.817383 0.944336 0.799805 0.947266 0.783203 0.944336 0.744141 0.931641 0.708984 0.907227 0.691406 0.889648 0.689453 0.877930 0.665039 0.868164 0.662109 0.851562 0.663086 0.818359 0.675781 0.809570 0.675781 0.791992 0.667969 0.778320 0.668945 0.749023 0.663086 0.737305 0.666992 0.726562 0.678711 0.715820 0.710938 0.690430 0.724609 0.687500 0.738281
1 0.238281 0.572266 0.234375 0.599609 0.252930 0.610352 0.258789 0.617188 0.259766 0.644531 0.268555 0.660156 0.290039 0.676758 0.300781 0.680664 0.307617 0.688477 0.321289 0.687500 0.343750 0.659180 0.342773 0.628906 0.348633 0.610352 0.348633 0.599609 0.338867 0.583984 0.334961 0.560547 0.329102 0.556641 0.327148 0.550781 0.313477 0.550781 0.278320 0.541016 0.260742 0.559570 0.245117 0.565430
1 0.311523 0.208984 0.310547 0.212891 0.315430 0.213867 0.314453 0.208008
1 0.045898 0.108398 0.041992 0.129883 0.045898 0.146484 0.064453 0.156250 0.081055 0.181641 0.092773 0.183594 0.118164 0.214844 0.133789 0.215820 0.143555 0.221680 0.148438 0.226562 0.148438 0.237305 0.167969 0.241211 0.179688 0.261719 0.202148 0.259766 0.209961 0.263672 0.223633 0.264648 0.228516 0.270508 0.238281 0.274414 0.242188 0.281250 0.244141 0.297852 0.251953 0.306641 0.280273 0.300781 0.288086 0.285156 0.296875 0.275391 0.298828 0.254883 0.295898 0.244141 0.299805 0.241211 0.301758 0.233398 0.306641 0.230469 0.301758 0.220703 0.302734 0.206055 0.294922 0.189453 0.295898 0.181641 0.305664 0.167969 0.309570 0.143555 0.324219 0.133789 0.327148 0.125000 0.317383 0.111328 0.294922 0.097656 0.292969 0.084961 0.280273 0.080078 0.273438 0.068359 0.260742 0.056641 0.259766 0.042969 0.249023 0.022461 0.242188 0.018555 0.233398 0.018555 0.230469 0.027344 0.223633 0.033203 0.188477 0.031250 0.181641 0.035156 0.167969 0.036133 0.131836 0.052734 0.111328 0.053711 0.097656 0.062500 0.083008 0.064453 0.067383 0.075195
1 0.818359 0.387695 0.822266 0.427734 0.829102 0.436523 0.869141 0.442383 0.893555 0.421875 0.896484 0.410156 0.894531 0.376953 0.892578 0.371094 0.880859 0.363281 0.866211 0.361328 0.855469 0.355469 0.837891 0.368164 0.827148 0.371094
1 0.525391 0.440430 0.524414 0.456055 0.538086 0.477539 0.538086 0.485352 0.530273 0.505859 0.554688 0.524414 0.553711 0.538086 0.556641 0.542969 0.573242 0.546875 0.576172 0.563477 0.586914 0.578125 0.600586 0.584961 0.613281 0.586914 0.636719 0.580078 0.659180 0.591797 0.682617 0.592773 0.704102 0.586914 0.714844 0.576172 0.716797 0.560547 0.712891 0.556641 0.718750 0.541992 0.738281 0.518555 0.735352 0.511719 0.738281 0.487305 0.737305 0.459961 0.719727 0.438477 0.695312 0.442383 0.689453 0.438477 0.684570 0.428711 0.667969 0.428711 0.653320 0.413086 0.643555 0.413086 0.633789 0.404297 0.624023 0.401367 0.619141 0.396484 0.618164 0.386719 0.612305 0.383789 0.608398 0.389648 0.612305 0.396484 0.610352 0.405273 0.578125 0.401367 0.542969 0.419922
1 0.300781 0.000000 0.299805 0.004883 0.323242 0.020508 0.333984 0.034180 0.346680 0.035156 0.362305 0.027344 0.379883 0.031250 0.390625 0.017578 0.410156 0.016602 0.416016 0.008789 0.416016 0.000000
1 0.077148 0.740234 0.078125 0.740234 0.078125 0.742188 0.077148 0.742188
1 0.048828 0.698242 0.044922 0.705078 0.037109 0.706055 0.029297 0.716797 0.015625 0.723633 0.008789 0.720703 0.000000 0.721680 0.000000 0.878906 0.011719 0.879883 0.021484 0.890625 0.030273 0.890625 0.045898 0.882812 0.056641 0.883789 0.070312 0.871094 0.079102 0.869141 0.090820 0.857422 0.100586 0.853516 0.113281 0.827148 0.106445 0.809570 0.093750 0.807617 0.098633 0.800781 0.098633 0.789062 0.071289 0.757812 0.072266 0.751953 0.068359 0.745117 0.071289 0.741211 0.065430 0.738281 0.070312 0.714844 0.066406 0.707031 0.059570 0.702148 0.060547 0.699219
1 0.036133 0.691406 0.039062 0.691406 0.039062 0.692383 0.036133 0.692383
0 0.911133 0.065430 0.911133 0.072266 0.936523 0.094727 0.942383 0.105469 0.953125 0.109375 0.943359 0.118164 0.915039 0.156250 0.923828 0.177734 0.935547 0.193359 0.942383 0.231445 0.984375 0.271484 0.999023 0.280273 0.999023 0.189453 0.995117 0.181641 0.999023 0.172852 0.999023 0.008789 0.983398 0.000000 0.974609 0.000000 0.966797 0.003906 0.961914 0.011719 0.950195 0.018555 0.932617 0.042969
0 0.309570 0.712891 0.306641 0.716797 0.306641 0.726562 0.310547 0.739258 0.326172 0.769531 0.356445 0.809570 0.358398 0.855469 0.362305 0.863281 0.399414 0.914062 0.419922 0.926758 0.426758 0.934570 0.437500 0.951172 0.441406 0.964844 0.466797 0.995117 0.478516 0.999023 0.508789 0.999023 0.511719 0.996094 0.518555 0.999023 0.583984 0.999023 0.631836 0.966797 0.630859 0.958008 0.614258 0.926758 0.592773 0.901367 0.614258 0.883789 0.627930 0.868164 0.621094 0.849609 0.614258 0.841797 0.612305 0.832031 0.598633 0.823242 0.577148 0.823242 0.566406 0.814453 0.556641 0.812500 0.539062 0.791992 0.529297 0.767578 0.514648 0.750977 0.570312 0.716797 0.583984 0.705078 0.579102 0.695312 0.534180 0.645508 0.524414 0.624023 0.507812 0.599609 0.496094 0.593750 0.484375 0.593750 0.436523 0.628906 0.423828 0.628906 0.380859 0.650391 0.366211 0.659180 0.352539 0.674805 0.354492 0.689453 0.350586 0.696289 0.345703 0.697266 0.340820 0.692383 0.331055 0.694336
1 0.319336 0.318359 0.317383 0.324219 0.329102 0.338867 0.329102 0.359375 0.335938 0.372070 0.350586 0.382812 0.366211 0.372070 0.388672 0.381836 0.396484 0.379883 0.404297 0.365234 0.404297 0.324219 0.400391 0.298828 0.388672 0.277344 0.360352 0.269531 0.348633 0.271484 0.338867 0.298828
1 0.541992 0.018555 0.538086 0.032227 0.543945 0.041016 0.546875 0.062500 0.589844 0.108398 0.584961 0.128906 0.589844 0.134766 0.594727 0.155273 0.580078 0.180664 0.579102 0.195312 0.592773 0.221680 0.594727 0.251953 0.612305 0.261719 0.623047 0.258789 0.620117 0.254883 0.622070 0.242188 0.631836 0.230469 0.628906 0.228516 0.634766 0.217773 0.667969 0.199219 0.674805 0.199219 0.683594 0.189453 0.695312 0.187500 0.707031 0.167969 0.710938 0.129883 0.705078 0.125977 0.704102 0.096680 0.709961 0.087891 0.704102 0.076172 0.706055 0.056641 0.688477 0.023438 0.663086 0.022461 0.662109 0.018555 0.647461 0.011719 0.648438 0.003906 0.640625 0.004883 0.637695 0.000000 0.553711 0.000000 0.549805 0.011719