1 0.563477 0.803711 0.565430 0.808594 0.561523 0.818359 0.562500 0.821289 0.569336 0.821289 0.565430 0.811523 0.571289 0.811523 0.570312 0.803711
1 0.541992 0.795898 0.542969 0.795898 0.542969 0.797852 0.541992 0.797852
1 0.502930 0.688477 0.504883 0.737305 0.521484 0.764648 0.523438 0.779297 0.526367 0.783203 0.535156 0.783203 0.539062 0.780273 0.542969 0.783203 0.559570 0.784180 0.574219 0.791992 0.581055 0.806641 0.581055 0.822266 0.595703 0.820312 0.608398 0.828125 0.619141 0.829102 0.623047 0.835938 0.636719 0.825195 0.647461 0.829102 0.661133 0.816406 0.669922 0.802734 0.673828 0.788086 0.690430 0.780273 0.692383 0.772461 0.689453 0.765625 0.688477 0.737305 0.692383 0.714844 0.689453 0.684570 0.682617 0.664062 0.669922 0.654297 0.670898 0.650391 0.653320 0.649414 0.647461 0.644531 0.644531 0.634766 0.643555 0.588867 0.630859 0.568359 0.622070 0.561523 0.610352 0.557617 0.602539 0.561523 0.599609 0.603516 0.587891 0.618164 0.578125 0.618164 0.570312 0.626953 0.562500 0.629883 0.555664 0.650391 0.558594 0.653320 0.557617 0.657227 0.528320 0.663086 0.518555 0.669922
1 0.862305 0.462891 0.862305 0.484375 0.857422 0.491211 0.851562 0.514648 0.859375 0.537109 0.870117 0.542969 0.876953 0.542969 0.897461 0.534180 0.905273 0.524414 0.925781 0.516602 0.928711 0.508789 0.927734 0.498047 0.914062 0.486328 0.913086 0.481445 0.918945 0.458984 0.916992 0.448242 0.899414 0.438477 0.890625 0.437500 0.880859 0.441406 0.868164 0.452148
1 0.002930 0.698242 0.000000 0.706055 0.000000 0.747070 0.014648 0.753906 0.032227 0.750977 0.041016 0.752930 0.049805 0.782227 0.063477 0.799805 0.077148 0.834961 0.085938 0.837891 0.094727 0.833984 0.103516 0.825195 0.125977 0.830078 0.130859 0.828125 0.127930 0.811523 0.148438 0.763672 0.159180 0.746094 0.162109 0.731445 0.157227 0.712891 0.152344 0.706055 0.144531 0.700195 0.132812 0.697266 0.125977 0.689453 0.121094 0.678711 0.121094 0.650391 0.112305 0.646484 0.098633 0.647461 0.084961 0.640625 0.071289 0.643555 0.032227 0.664062 0.017578 0.678711 0.015625 0.689453
1 0.258789 0.000000 0.259766 0.025391 0.267578 0.039062 0.265625 0.057617 0.269531 0.070312 0.283203 0.091797 0.289062 0.096680 0.301758 0.099609 0.307617 0.106445 0.316406 0.110352 0.323242 0.117188 0.326172 0.125977 0.333984 0.131836 0.351562 0.136719 0.364258 0.127930 0.389648 0.118164 0.419922 0.125977 0.429688 0.124023 0.449219 0.111328 0.465820 0.107422 0.497070 0.073242 0.502930 0.071289 0.509766 0.059570 0.515625 0.060547 0.518555 0.057617 0.519531 0.046875 0.536133 0.042969 0.538086 0.038086 0.542969 0.037109 0.548828 0.030273 0.549805 0.004883 0.543945 0.000000 0.402344 0.000000 0.389648 0.006836 0.371094 0.004883 0.363281 0.000000
1 0.694336 0.703125 0.694336 0.724609 0.691406 0.731445 0.699219 0.759766 0.699219 0.778320 0.710938 0.795898 0.708984 0.813477 0.704102 0.817383 0.704102 0.821289 0.710938 0.831055 0.711914 0.842773 0.708984 0.848633 0.715820 0.859375 0.716797 0.890625 0.737305 0.899414 0.744141 0.911133 0.756836 0.911133 0.759766 0.915039 0.765625 0.914062 0.770508 0.908203 0.776367 0.911133 0.782227 0.901367 0.793945 0.895508 0.803711 0.884766 0.832031 0.869141 0.840820 0.867188 0.848633 0.861328 0.855469 0.849609 0.862305 0.848633 0.863281 0.845703 0.863281 0.820312 0.870117 0.799805 0.873047 0.774414 0.869141 0.767578 0.860352 0.765625 0.845703 0.755859 0.842773 0.730469 0.829102 0.708008 0.831055 0.682617 0.843750 0.668945 0.846680 0.657227 0.837891 0.650391 0.813477 0.650391 0.790039 0.656250 0.741211 0.675781 0.719727 0.677734 0.700195 0.691406
1 0.076172 0.853516 0.075195 0.870117 0.082031 0.875977 0.084961 0.885742 0.083008 0.901367 0.093750 0.920898 0.094727 0.977539 0.118164 0.999023 0.167969 0.999023 0.171875 0.995117 0.181641 0.995117 0.185547 0.999023 0.291992 0.999023 0.299805 0.996094 0.313477 0.978516 0.313477 0.972656 0.303711 0.970703 0.295898 0.961914 0.299805 0.920898 0.303711 0.915039 0.327148 0.909180 0.332031 0.901367 0.332031 0.893555 0.329102 0.889648 0.318359 0.887695 0.311523 0.873047 0.271484 0.837891 0.275391 0.830078 0.293945 0.822266 0.291016 0.810547 0.292969 0.797852 0.286133 0.785156 0.264648 0.780273 0.258789 0.787109 0.251953 0.804688 0.248047 0.806641 0.223633 0.803711 0.213867 0.808594 0.205078 0.796875 0.183594 0.792969 0.173828 0.800781 0.164062 0.821289 0.155273 0.829102 0.126953 0.835938 0.104492 0.829102 0.094727 0.838867 0.080078 0.844727
0 0.807617 0.000000 0.804688 0.011719 0.811523 0.019531 0.879883 0.068359 0.886719 0.067383 0.894531 0.059570 0.930664 0.001953
0 0.000977 0.946289 0.001953 0.999023 0.073242 0.999023
0 0.386719 0.261719 0.391602 0.275391 0.385742 0.286133 0.385742 0.293945 0.398438 0.303711 0.413086 0.306641 0.402344 0.333984 0.403320 0.345703 0.411133 0.352539 0.424805 0.348633 0.448242 0.351562 0.455078 0.347656 0.456055 0.340820 0.463867 0.339844 0.479492 0.342773 0.488281 0.350586 0.500000 0.353516 0.511719 0.368164 0.525391 0.399414 0.535156 0.406250 0.545898 0.419922 0.557617 0.452148 0.564453 0.451172 0.570312 0.446289 0.573242 0.434570 0.591797 0.409180 0.600586 0.410156 0.630859 0.431641 0.631836 0.449219 0.635742 0.453125 0.670898 0.478516 0.684570 0.492188 0.721680 0.514648 0.727539 0.510742 0.765625 0.452148 0.775391 0.424805 0.775391 0.388672 0.771484 0.381836 0.751953 0.369141 0.750977 0.354492 0.754883 0.340820 0.735352 0.325195 0.734375 0.317383 0.765625 0.271484 0.770508 0.257812 0.714844 0.215820 0.698242 0.208008 0.546875 0.101562 0.536133 0.097656 0.528320 0.103516 0.473633 0.177734 0.454102 0.170898 0.436523 0.178711 0.431641 0.183594 0.421875 0.208008
0 0.028320 0.132812 0.025391 0.138672 0.030273 0.133789
0 0.248047 0.000000 0.169922 0.000000 0.167969 0.002930 0.161133 0.000000 0.033203 0.000000 0.035156 0.015625 0.054688 0.053711 0.053711 0.063477 0.044922 0.071289 0.042969 0.083984 0.040039 0.086914 0.036133 0.083984 0.034180 0.090820 0.042969 0.095703 0.042969 0.106445 0.063477 0.143555 0.087891 0.169922 0.119141 0.175781 0.123047 0.180664 0.123047 0.188477 0.128906 0.195312 0.142578 0.200195 0.157227 0.210938 0.181641 0.208984 0.219727 0.225586 0.240234 0.230469 0.286133 0.211914 0.293945 0.198242 0.294922 0.188477 0.280273 0.160156 0.292969 0.146484 0.293945 0.140625 0.283203 0.113281 0.286133 0.102539 0.267578 0.083008 0.261719 0.069336 0.262695 0.040039 0.252930 0.029297 0.253906 0.009766
1 0.002930 0.195312 0.007812 0.199219 0.000000 0.212891 0.000000 0.217773 0.005859 0.219727 0.005859 0.230469 0.000000 0.237305 0.000000 0.470703 0.004883 0.484375 0.031250 0.482422 0.047852 0.490234 0.063477 0.515625 0.074219 0.518555 0.083984 0.527344 0.085938 0.533203 0.083008 0.536133 0.103516 0.556641 0.112305 0.572266 0.125000 0.565430 0.132812 0.567383 0.132812 0.556641 0.140625 0.557617 0.152344 0.552734 0.161133 0.564453 0.185547 0.574219 0.241211 0.581055 0.242188 0.573242 0.267578 0.549805 0.287109 0.551758 0.294922 0.567383 0.291992 0.569336 0.292969 0.578125 0.305664 0.576172 0.305664 0.583984 0.313477 0.590820 0.309570 0.609375 0.317383 0.616211 0.325195 0.615234 0.331055 0.624023 0.345703 0.625000 0.346680 0.633789 0.354492 0.639648 0.359375 0.657227 0.365234 0.656250 0.368164 0.667969 0.374023 0.668945 0.379883 0.678711 0.386719 0.679688 0.398438 0.666992 0.407227 0.671875 0.413086 0.669922 0.420898 0.693359 0.429688 0.696289 0.439453 0.693359 0.458008 0.673828 0.477539 0.677734 0.516602 0.652344 0.532227 0.651367 0.535156 0.643555 0.539062 0.644531 0.588867 0.609375 0.595703 0.562500 0.603516 0.536133 0.616211 0.532227 0.616211 0.511719 0.612305 0.500000 0.581055 0.484375 0.577148 0.473633 0.570312 0.467773 0.555664 0.463867 0.542969 0.424805 0.531250 0.410156 0.522461 0.406250 0.503906 0.367188 0.485352 0.358398 0.483398 0.353516 0.459961 0.355469 0.259766 0.264648 0.250977 0.250977 0.239258 0.249023 0.228516 0.240234 0.215820 0.240234 0.200195 0.233398 0.181641 0.218750 0.167969 0.220703 0.113281 0.196289 0.107422 0.181641 0.088867 0.181641 0.081055 0.176758 0.071289 0.180664 0.058594 0.174805 0.053711 0.181641 0.017578 0.179688 0.019531 0.185547 0.010742 0.194336
1 0.263672 0.003906 0.267578 0.053711 0.274414 0.055664 0.281250 0.070312 0.280273 0.081055 0.291992 0.085938 0.293945 0.095703 0.299805 0.095703 0.306641 0.104492 0.328125 0.116211 0.327148 0.130859 0.335938 0.130859 0.344727 0.136719 0.350586 0.154297 0.358398 0.163086 0.375977 0.170898 0.386719 0.164062 0.390625 0.170898 0.402344 0.168945 0.404297 0.171875 0.414062 0.165039 0.417969 0.171875 0.425781 0.171875 0.434570 0.164062 0.450195 0.164062 0.463867 0.155273 0.466797 0.158203 0.471680 0.150391 0.471680 0.138672 0.476562 0.134766 0.488281 0.136719 0.489258 0.127930 0.498047 0.126953 0.494141 0.122070 0.499023 0.111328 0.507812 0.108398 0.507812 0.103516 0.517578 0.092773 0.525391 0.093750 0.526367 0.084961 0.555664 0.085938 0.555664 0.095703 0.567383 0.096680 0.570312 0.109375 0.582031 0.111328 0.590820 0.124023 0.610352 0.125000 0.612305 0.137695 0.625000 0.140625 0.625977 0.150391 0.638672 0.155273 0.650391 0.171875 0.656250 0.166016 0.662109 0.166016 0.668945 0.175781 0.666992 0.181641 0.684570 0.191406 0.685547 0.195312 0.703125 0.202148 0.712891 0.210938 0.733398 0.216797 0.737305 0.227539 0.776367 0.255859 0.764648 0.279297 0.753906 0.313477 0.754883 0.320312 0.760742 0.330078 0.768555 0.333984 0.768555 0.340820 0.787109 0.362305 0.784180 0.365234 0.785156 0.401367 0.797852 0.415039 0.810547 0.415039 0.821289 0.424805 0.820312 0.428711 0.837891 0.430664 0.867188 0.426758 0.893555 0.408203 0.917969 0.398438 0.925781 0.387695 0.923828 0.369141 0.929688 0.362305 0.935547 0.362305 0.938477 0.341797 0.943359 0.333984 0.938477 0.324219 0.944336 0.317383 0.966797 0.318359 0.975586 0.311523 0.990234 0.319336 0.993164 0.329102 0.986328 0.336914 0.990234 0.346680 0.984375 0.355469 0.987305 0.368164 0.985352 0.386719 0.991211 0.389648 0.999023 0.383789 0.999023 0.255859 0.989258 0.255859 0.971680 0.240234 0.973633 0.224609 0.969727 0.217773 0.931641 0.219727 0.913086 0.180664 0.896484 0.175781 0.887695 0.167969 0.866211 0.166016 0.856445 0.156250 0.848633 0.136719 0.827148 0.136719 0.813477 0.116211 0.803711 0.091797 0.791992 0.089844 0.782227 0.081055 0.778320 0.074219 0.783203 0.056641 0.795898 0.058594 0.792969 0.042969 0.803711 0.035156 0.797852 0.020508 0.806641 0.004883 0.802734 0.000000 0.266602 0.000000