1 0.014648 0.837891 0.014648 0.848633 0.026367 0.867188 0.026367 0.883789 0.021484 0.890625 0.003906 0.900391 0.000000 0.909180 0.000000 0.980469 0.003906 0.981445 0.016602 0.997070 0.038086 0.999023 0.110352 0.999023 0.112305 0.996094 0.117188 0.999023 0.166016 0.999023 0.167969 0.996094 0.175781 0.999023 0.199219 0.999023 0.207031 0.994141 0.230469 0.999023 0.258789 0.999023 0.262695 0.996094 0.289062 0.997070 0.298828 0.994141 0.312500 0.979492 0.316406 0.961914 0.333984 0.951172 0.341797 0.940430 0.342773 0.924805 0.355469 0.906250 0.354492 0.886719 0.361328 0.867188 0.357422 0.837891 0.330078 0.810547 0.323242 0.782227 0.318359 0.773438 0.313477 0.768555 0.299805 0.764648 0.292969 0.747070 0.279297 0.733398 0.257812 0.719727 0.240234 0.715820 0.233398 0.715820 0.215820 0.724609 0.189453 0.720703 0.166016 0.725586 0.143555 0.723633 0.139648 0.727539 0.140625 0.737305 0.137695 0.740234 0.115234 0.739258 0.105469 0.732422 0.073242 0.736328 0.064453 0.744141 0.049805 0.750977 0.044922 0.784180 0.027344 0.807617 0.022461 0.825195 0.014648 0.837891
1 0.204102 0.000000 0.100586 0.000000 0.100586 0.004883 0.114258 0.022461 0.145508 0.037109 0.174805 0.041992 0.182617 0.033203 0.189453 0.016602 0.204102 0.004883 0.204102 0.000000
1 0.557617 0.869141 0.564453 0.884766 0.564453 0.897461 0.538086 0.915039 0.532227 0.928711 0.531250 0.952148 0.525391 0.960938 0.514648 0.962891 0.507812 0.969727 0.508789 0.972656 0.518555 0.971680 0.525391 0.974609 0.537109 0.984375 0.541992 0.994141 0.566406 0.999023 0.596680 0.999023 0.605469 0.996094 0.613281 0.996094 0.615234 0.999023 0.714844 0.999023 0.719727 0.996094 0.749023 0.996094 0.773438 0.958984 0.776367 0.943359 0.773438 0.924805 0.793945 0.886719 0.803711 0.859375 0.804688 0.846680 0.791992 0.813477 0.780273 0.801758 0.766602 0.800781 0.752930 0.794922 0.738281 0.797852 0.728516 0.795898 0.709961 0.798828 0.698242 0.808594 0.679688 0.814453 0.647461 0.818359 0.637695 0.824219 0.632812 0.832031 0.612305 0.843750 0.598633 0.838867 0.591797 0.840820 0.569336 0.862305 0.557617 0.869141
1 0.229492 0.650391 0.231445 0.666992 0.226562 0.698242 0.228516 0.704102 0.274414 0.726562 0.296875 0.745117 0.299805 0.755859 0.303711 0.758789 0.313477 0.760742 0.323242 0.755859 0.331055 0.757812 0.336914 0.754883 0.345703 0.732422 0.329102 0.716797 0.329102 0.689453 0.320312 0.682617 0.298828 0.676758 0.296875 0.667969 0.304688 0.656250 0.301758 0.648438 0.287109 0.638672 0.257812 0.628906 0.240234 0.633789 0.229492 0.650391
1 0.573242 0.986328 0.575195 0.986328 0.575195 0.987305 0.573242 0.987305
1 0.597656 0.984375 0.595703 0.987305 0.605469 0.982422 0.597656 0.984375
1 0.602539 0.943359 0.608398 0.953125 0.614258 0.953125 0.613281 0.940430 0.609375 0.938477 0.602539 0.943359
1 0.474609 0.916992 0.477539 0.916992 0.477539 0.917969 0.474609 0.917969
1 0.472656 0.906250 0.464844 0.912109 0.491211 0.910156 0.491211 0.904297 0.480469 0.908203 0.472656 0.906250
1 0.497070 0.896484 0.498047 0.896484 0.498047 0.897461 0.497070 0.897461
1 0.489258 0.896484 0.492188 0.896484 0.492188 0.897461 0.489258 0.897461
1 0.486328 0.893555 0.488281 0.893555 0.488281 0.894531 0.486328 0.894531
1 0.725586 0.608398 0.728516 0.608398 0.728516 0.609375 0.725586 0.609375
1 0.468750 0.333008 0.466797 0.337891 0.470703 0.340820 0.476562 0.331055 0.472656 0.329102 0.468750 0.333008
1 0.180664 0.042969 0.179688 0.057617 0.192383 0.101562 0.202148 0.121094 0.208008 0.141602 0.211914 0.174805 0.226562 0.197266 0.239258 0.208984 0.249023 0.228516 0.266602 0.238281 0.278320 0.250977 0.292969 0.251953 0.324219 0.240234 0.350586 0.245117 0.370117 0.243164 0.402344 0.219727 0.416016 0.220703 0.427734 0.228516 0.456055 0.231445 0.467773 0.241211 0.477539 0.234375 0.491211 0.234375 0.495117 0.221680 0.500000 0.216797 0.517578 0.216797 0.518555 0.212891 0.525391 0.215820 0.529297 0.212891 0.532227 0.218750 0.530273 0.231445 0.524414 0.233398 0.526367 0.257812 0.516602 0.274414 0.508789 0.296875 0.509766 0.299805 0.515625 0.299805 0.518555 0.306641 0.509766 0.309570 0.501953 0.328125 0.494141 0.331055 0.497070 0.337891 0.503906 0.340820 0.503906 0.348633 0.498047 0.351562 0.500977 0.355469 0.492188 0.358398 0.488281 0.363281 0.482422 0.363281 0.480469 0.359375 0.469727 0.359375 0.467773 0.354492 0.463867 0.355469 0.457031 0.360352 0.453125 0.371094 0.454102 0.381836 0.458008 0.385742 0.457031 0.398438 0.450195 0.399414 0.449219 0.405273 0.442383 0.412109 0.435547 0.413086 0.427734 0.420898 0.413086 0.420898 0.406250 0.425781 0.389648 0.428711 0.382812 0.424805 0.379883 0.427734 0.377930 0.453125 0.374023 0.457031 0.359375 0.457031 0.352539 0.460938 0.328125 0.515625 0.320312 0.525391 0.323242 0.537109 0.317383 0.545898 0.311523 0.580078 0.315430 0.590820 0.321289 0.594727 0.317383 0.599609 0.327148 0.632812 0.330078 0.667969 0.324219 0.674805 0.324219 0.681641 0.333984 0.683594 0.337891 0.690430 0.343750 0.692383 0.342773 0.703125 0.348633 0.718750 0.346680 0.726562 0.352539 0.733398 0.358398 0.734375 0.358398 0.747070 0.361328 0.750977 0.349609 0.763672 0.350586 0.773438 0.358398 0.780273 0.362305 0.792969 0.355469 0.820312 0.358398 0.827148 0.364258 0.830078 0.367188 0.841797 0.371094 0.844727 0.372070 0.856445 0.380859 0.879883 0.377930 0.899414 0.373047 0.903320 0.374023 0.933594 0.368164 0.937500 0.359375 0.935547 0.356445 0.938477 0.357422 0.949219 0.354492 0.953125 0.344727 0.956055 0.345703 0.962891 0.338867 0.966797 0.337891 0.971680 0.341797 0.977539 0.337891 0.980469 0.343750 0.984375 0.344727 0.994141 0.359375 0.996094 0.369141 0.994141 0.375977 0.987305 0.387695 0.994141 0.391602 0.994141 0.393555 0.990234 0.395508 0.994141 0.401367 0.996094 0.423828 0.993164 0.458984 0.995117 0.469727 0.980469 0.470703 0.962891 0.467773 0.955078 0.480469 0.946289 0.483398 0.935547 0.461914 0.936523 0.461914 0.927734 0.472656 0.917969 0.464844 0.915039 0.458984 0.908203 0.459961 0.897461 0.449219 0.891602 0.449219 0.884766 0.476562 0.884766 0.479492 0.882812 0.476562 0.878906 0.484375 0.877930 0.490234 0.882812 0.490234 0.891602 0.491211 0.887695 0.511719 0.890625 0.512695 0.886719 0.523438 0.883789 0.531250 0.866211 0.538086 0.860352 0.575195 0.851562 0.583008 0.840820 0.592773 0.834961 0.619141 0.831055 0.647461 0.809570 0.652344 0.793945 0.661133 0.784180 0.663086 0.776367 0.680664 0.769531 0.686523 0.759766 0.702148 0.750000 0.708008 0.739258 0.720703 0.734375 0.730469 0.736328 0.734375 0.731445 0.740234 0.730469 0.741211 0.725586 0.751953 0.720703 0.749023 0.716797 0.756836 0.705078 0.766602 0.705078 0.782227 0.695312 0.792969 0.696289 0.802734 0.686523 0.811523 0.657227 0.807617 0.650391 0.799805 0.649414 0.784180 0.655273 0.768555 0.654297 0.761719 0.657227 0.757812 0.654297 0.760742 0.645508 0.757812 0.631836 0.743164 0.627930 0.737305 0.614258 0.734375 0.614258 0.734375 0.619141 0.725586 0.625000 0.724609 0.616211 0.722656 0.614258 0.722656 0.620117 0.718750 0.620117 0.713867 0.612305 0.723633 0.601562 0.718750 0.594727 0.720703 0.587891 0.726562 0.585938 0.730469 0.593750 0.745117 0.581055 0.739258 0.574219 0.746094 0.570312 0.739258 0.564453 0.738281 0.559570 0.750977 0.534180 0.751953 0.504883 0.754883 0.497070 0.761719 0.491211 0.757812 0.487305 0.760742 0.480469 0.781250 0.472656 0.786133 0.460938 0.813477 0.462891 0.834961 0.458008 0.849609 0.453125 0.862305 0.443359 0.866211 0.432617 0.863281 0.408203 0.887695 0.349609 0.904297 0.329102 0.909180 0.315430 0.910156 0.306641 0.907227 0.299805 0.889648 0.286133 0.886719 0.275391 0.893555 0.270508 0.916992 0.272461 0.930664 0.264648 0.933594 0.258789 0.930664 0.226562 0.918945 0.207031 0.911133 0.181641 0.911133 0.164062 0.907227 0.157227 0.907227 0.146484 0.911133 0.140625 0.910156 0.122070 0.905273 0.113281 0.892578 0.101562 0.893555 0.097656 0.904297 0.089844 0.904297 0.085938 0.900391 0.085938 0.893555 0.078125 0.887695 0.081055 0.872070 0.071289 0.869141 0.066406 0.865234 0.068359 0.863281 0.075195 0.856445 0.070312 0.856445 0.058594 0.852539 0.047852 0.852539 0.038086 0.856445 0.029297 0.855469 0.017578 0.834961 0.000000 0.715820 0.000000 0.713867 0.002930 0.704102 0.000000 0.654297 0.000000 0.651367 0.002930 0.644531 0.000000 0.571289 0.000000 0.557617 0.004883 0.536133 0.003906 0.522461 0.000000 0.490234 0.000000 0.487305 0.004883 0.481445 0.000000 0.462891 0.000000 0.459961 0.002930 0.450195 0.000000 0.385742 0.000000 0.375977 0.003906 0.364258 0.000000 0.351562 0.000000 0.339844 0.003906 0.327148 0.003906 0.320312 0.000000 0.213867 0.000000 0.191406 0.019531 0.189453 0.029297 0.180664 0.042969
1 0.427734 0.222656 0.428711 0.222656 0.428711 0.223633 0.427734 0.223633
1 0.180664 0.045898 0.179688 0.056641 0.184570 0.067383 0.184570 0.077148 0.203125 0.122070 0.209961 0.146484 0.208984 0.157227 0.217773 0.181641 0.226562 0.196289 0.245117 0.214844 0.250977 0.228516 0.273438 0.240234 0.275391 0.244141 0.292969 0.247070 0.296875 0.244141 0.311523 0.244141 0.326172 0.239258 0.341797 0.243164 0.353516 0.243164 0.358398 0.238281 0.363281 0.241211 0.377930 0.237305 0.389648 0.222656 0.397461 0.223633 0.406250 0.218750 0.418945 0.219727 0.418945 0.210938 0.424805 0.208008 0.442383 0.223633 0.440430 0.219727 0.443359 0.215820 0.433594 0.206055 0.438477 0.196289 0.457031 0.206055 0.455078 0.210938 0.458008 0.213867 0.455078 0.218750 0.458984 0.227539 0.462891 0.230469 0.474609 0.229492 0.485352 0.233398 0.491211 0.230469 0.492188 0.223633 0.500000 0.214844 0.508789 0.216797 0.510742 0.211914 0.515625 0.212891 0.525391 0.204102 0.530273 0.204102 0.534180 0.221680 0.527344 0.239258 0.527344 0.257812 0.518555 0.272461 0.511719 0.292969 0.524414 0.301758 0.527344 0.314453 0.525391 0.319336 0.518555 0.320312 0.507812 0.329102 0.507812 0.334961 0.511719 0.340820 0.515625 0.337891 0.521484 0.347656 0.529297 0.348633 0.532227 0.353516 0.529297 0.359375 0.525391 0.356445 0.514648 0.359375 0.505859 0.370117 0.493164 0.368164 0.466797 0.371094 0.468750 0.392578 0.463867 0.408203 0.469727 0.416992 0.469727 0.426758 0.479492 0.434570 0.472656 0.442383 0.473633 0.445312 0.477539 0.447266 0.478516 0.441406 0.485352 0.445312 0.487305 0.455078 0.480469 0.463867 0.486328 0.463867 0.494141 0.478516 0.504883 0.488281 0.512695 0.488281 0.518555 0.499023 0.531250 0.503906 0.535156 0.507812 0.532227 0.517578 0.535156 0.524414 0.552734 0.530273 0.562500 0.538086 0.568359 0.547852 0.595703 0.536133 0.601562 0.529297 0.608398 0.528320 0.624023 0.552734 0.636719 0.557617 0.650391 0.571289 0.657227 0.574219 0.681641 0.575195 0.706055 0.568359 0.716797 0.568359 0.744141 0.544922 0.745117 0.520508 0.749023 0.512695 0.746094 0.507812 0.751953 0.499023 0.746094 0.490234 0.738281 0.495117 0.737305 0.488281 0.733398 0.486328 0.732422 0.476562 0.727539 0.473633 0.734375 0.458984 0.748047 0.453125 0.759766 0.459961 0.776367 0.455078 0.813477 0.461914 0.847656 0.454102 0.861328 0.445312 0.866211 0.438477 0.863281 0.407227 0.869141 0.400391 0.889648 0.344727 0.903320 0.331055 0.911133 0.314453 0.911133 0.305664 0.907227 0.297852 0.884766 0.282227 0.885742 0.275391 0.890625 0.270508 0.916992 0.272461 0.931641 0.264648 0.932617 0.234375 0.928711 0.220703 0.918945 0.207031 0.909180 0.172852 0.902344 0.167969 0.911133 0.140625 0.909180 0.120117 0.886719 0.094727 0.889648 0.090820 0.897461 0.094727 0.896484 0.091797 0.904297 0.086914 0.894531 0.076172 0.889648 0.081055 0.886719 0.073242 0.879883 0.079102 0.869141 0.066406 0.863281 0.074219 0.858398 0.072266 0.852539 0.042969 0.857422 0.028320 0.856445 0.018555 0.835938 0.000000 0.717773 0.000000 0.714844 0.002930 0.702148 0.000000 0.658203 0.000000 0.651367 0.006836 0.636719 0.000000 0.626953 0.000000 0.623047 0.002930 0.619141 0.000000 0.576172 0.000000 0.560547 0.004883 0.556641 0.013672 0.541016 0.006836 0.525391 0.005859 0.520508 0.000000 0.502930 0.000000 0.498047 0.005859 0.491211 0.003906 0.487305 0.010742 0.477539 0.002930 0.455078 0.005859 0.445312 0.000000 0.421875 0.000000 0.418945 0.002930 0.398438 0.000000 0.376953 0.004883 0.370117 0.004883 0.361328 0.000000 0.337891 0.004883 0.323242 0.003906 0.318359 0.000000 0.299805 0.000000 0.292969 0.003906 0.289062 0.000000 0.215820 0.000000 0.192383 0.018555 0.190430 0.030273 0.180664 0.045898
1 0.988281 0.224609 0.978516 0.237305 0.962891 0.247070 0.964844 0.266602 0.977539 0.285156 0.978516 0.307617 0.983398 0.315430 0.992188 0.315430 0.999023 0.309570 0.999023 0.225586 0.988281 0.224609
1 0.198242 0.496094 0.197266 0.560547 0.208008 0.579102 0.229492 0.592773 0.248047 0.599609 0.259766 0.599609 0.279297 0.586914 0.292969 0.585938 0.303711 0.581055 0.310547 0.568359 0.310547 0.551758 0.315430 0.537109 0.314453 0.522461 0.323242 0.504883 0.320312 0.489258 0.310547 0.477539 0.275391 0.453125 0.262695 0.452148 0.230469 0.460938 0.214844 0.479492 0.201172 0.487305 0.198242 0.496094
0 0.000977 0.311523 0.000000 0.487305 0.041016 0.553711 0.040039 0.565430 0.022461 0.619141 0.025391 0.629883 0.023438 0.633789 0.030273 0.637695 0.032227 0.649414 0.044922 0.647461 0.048828 0.651367 0.048828 0.657227 0.054688 0.660156 0.052734 0.681641 0.057617 0.684570 0.075195 0.691406 0.088867 0.701172 0.104492 0.704102 0.137695 0.716797 0.166992 0.718750 0.174805 0.707031 0.180664 0.664062 0.203125 0.588867 0.202148 0.577148 0.189453 0.564453 0.196289 0.516602 0.194336 0.497070 0.199219 0.485352 0.214844 0.476562 0.228516 0.457031 0.250000 0.450195 0.263672 0.442383 0.277344 0.430664 0.277344 0.423828 0.233398 0.340820 0.212891 0.344727 0.176758 0.364258 0.168945 0.357422 0.150391 0.360352 0.000977 0.311523