1 0.003906 0.607422 0.002930 0.627930 0.000000 0.631836 0.002930 0.637695 0.000000 0.682617 0.002930 0.684570 0.001953 0.703125 0.004883 0.706055 0.000000 0.718750 0.002930 0.725586 0.001953 0.740234 0.004883 0.753906 0.003906 0.794922 0.011719 0.813477 0.033203 0.814453 0.050781 0.825195 0.059570 0.825195 0.062500 0.829102 0.065430 0.860352 0.060547 0.871094 0.042969 0.886719 0.041016 0.894531 0.045898 0.914062 0.054688 0.921875 0.063477 0.937500 0.073242 0.941406 0.079102 0.949219 0.076172 0.958984 0.076172 0.981445 0.081055 0.999023 0.121094 0.990234 0.125977 0.990234 0.129883 0.995117 0.147461 0.997070 0.167969 0.994141 0.230469 0.996094 0.250977 0.992188 0.271484 0.996094 0.316406 0.997070 0.484375 0.997070 0.505859 0.992188 0.525391 0.999023 0.530273 0.996094 0.552734 0.994141 0.579102 0.997070 0.651367 0.997070 0.675781 0.994141 0.678711 0.991211 0.708984 0.996094 0.749023 0.995117 0.760742 0.988281 0.781250 0.988281 0.798828 0.994141 0.803711 0.990234 0.808594 0.994141 0.830078 0.996094 0.840820 0.994141 0.844727 0.989258 0.857422 0.995117 0.883789 0.994141 0.885742 0.989258 0.893555 0.995117 0.902344 0.996094 0.937500 0.994141 0.936523 0.987305 0.927734 0.977539 0.927734 0.966797 0.921875 0.956055 0.922852 0.952148 0.916016 0.945312 0.916992 0.939453 0.895508 0.918945 0.872070 0.886719 0.872070 0.868164 0.857422 0.846680 0.851562 0.828125 0.831055 0.806641 0.825195 0.792969 0.799805 0.765625 0.795898 0.757812 0.792969 0.754883 0.778320 0.753906 0.760742 0.731445 0.748047 0.722656 0.725586 0.735352 0.717773 0.731445 0.698242 0.730469 0.671875 0.720703 0.664062 0.711914 0.661133 0.702148 0.641602 0.678711 0.625977 0.648438 0.626953 0.621094 0.634766 0.598633 0.632812 0.584961 0.579102 0.536133 0.567383 0.520508 0.549805 0.484375 0.542969 0.480469 0.522461 0.480469 0.508789 0.488281 0.470703 0.487305 0.465820 0.491211 0.458984 0.506836 0.443359 0.480469 0.412109 0.463867 0.395508 0.466797 0.392578 0.469727 0.392578 0.476562 0.379883 0.488281 0.371094 0.511719 0.371094 0.550781 0.376953 0.559570 0.377930 0.570312 0.387695 0.584961 0.375977 0.607422 0.366211 0.588867 0.356445 0.583984 0.348633 0.556641 0.332031 0.539062 0.308594 0.540039 0.290039 0.550781 0.283203 0.539062 0.272461 0.529297 0.261719 0.530273 0.260742 0.540039 0.255859 0.542969 0.238281 0.541992 0.223633 0.545898 0.199219 0.532227 0.192383 0.531250 0.185547 0.538086 0.161133 0.539062 0.144531 0.551758 0.128906 0.547852 0.123047 0.541992 0.112305 0.552734 0.098633 0.553711 0.093750 0.550781 0.087891 0.556641 0.081055 0.555664 0.072266 0.560547 0.038086 0.560547 0.025391 0.567383 0.018555 0.585938 0.011719 0.591797 0.010742 0.598633 0.003906 0.607422
1 0.955078 0.968750 0.954102 0.974609 0.958984 0.978516 0.957031 0.968750 0.962891 0.966797 0.955078 0.968750
1 0.510742 0.378906 0.511719 0.378906 0.511719 0.380859 0.510742 0.380859
1 0.517578 0.370117 0.515625 0.374023 0.518555 0.375000 0.521484 0.372070 0.517578 0.370117
1 0.461914 0.369141 0.459961 0.373047 0.461914 0.369141
1 0.373047 0.368164 0.373047 0.375000 0.376953 0.373047 0.373047 0.368164
1 0.403320 0.367188 0.404297 0.367188 0.404297 0.369141 0.403320 0.369141
1 0.466797 0.364258 0.463867 0.369141 0.468750 0.379883 0.466797 0.392578 0.472656 0.393555 0.483398 0.375977 0.480469 0.367188 0.466797 0.364258
1 0.502930 0.358398 0.503906 0.362305 0.497070 0.365234 0.500977 0.370117 0.503906 0.369141 0.504883 0.363281 0.511719 0.365234 0.509766 0.357422 0.502930 0.358398
1 0.348633 0.352539 0.345703 0.355469 0.352539 0.363281 0.349609 0.360352 0.352539 0.355469 0.348633 0.352539
1 0.539062 0.351562 0.541016 0.351562 0.541016 0.352539 0.539062 0.352539
1 0.528320 0.350586 0.529297 0.352539 0.528320 0.350586
1 0.496094 0.339844 0.493164 0.344727 0.496094 0.349609 0.500977 0.346680 0.504883 0.349609 0.508789 0.347656 0.511719 0.354492 0.518555 0.348633 0.514648 0.341797 0.515625 0.337891 0.508789 0.344727 0.501953 0.337891 0.496094 0.339844
1 0.430664 0.323242 0.432617 0.323242 0.432617 0.325195 0.430664 0.325195
1 0.510742 0.306641 0.513672 0.306641 0.513672 0.307617 0.510742 0.307617
1 0.317383 0.303711 0.315430 0.311523 0.320312 0.315430 0.322266 0.307617 0.317383 0.303711
1 0.416992 0.302734 0.415039 0.309570 0.417969 0.312500 0.423828 0.308594 0.426758 0.313477 0.435547 0.314453 0.433594 0.300781 0.416992 0.302734
1 0.358398 0.292969 0.359375 0.292969 0.359375 0.294922 0.358398 0.294922
1 0.431641 0.286133 0.431641 0.290039 0.431641 0.286133
1 0.403320 0.284180 0.401367 0.286133 0.405273 0.294922 0.415039 0.298828 0.426758 0.289062 0.417969 0.283203 0.411133 0.287109 0.403320 0.284180
1 0.368164 0.257812 0.367188 0.264648 0.375000 0.273438 0.373047 0.292969 0.382812 0.292969 0.383789 0.299805 0.385742 0.291016 0.389648 0.294922 0.389648 0.299805 0.392578 0.286133 0.388672 0.279297 0.392578 0.275391 0.391602 0.267578 0.382812 0.259766 0.368164 0.257812
1 0.372070 0.237305 0.373047 0.237305 0.373047 0.240234 0.372070 0.240234
1 0.400391 0.171875 0.401367 0.171875 0.401367 0.174805 0.400391 0.174805
1 0.347656 0.150391 0.344727 0.154297 0.348633 0.153320 0.347656 0.150391
1 0.394531 0.150391 0.393555 0.153320 0.397461 0.151367 0.394531 0.150391
1 0.052734 0.139648 0.053711 0.139648 0.053711 0.140625 0.052734 0.140625
1 0.404297 0.136719 0.402344 0.139648 0.393555 0.139648 0.401367 0.139648 0.404297 0.143555 0.404297 0.136719
1 0.431641 0.135742 0.432617 0.135742 0.432617 0.136719 0.431641 0.136719
1 0.402344 0.127930 0.404297 0.127930 0.404297 0.130859 0.402344 0.130859
1 0.388672 0.128906 0.386719 0.127930 0.386719 0.130859 0.388672 0.128906
1 0.396484 0.118164 0.393555 0.123047 0.398438 0.122070 0.396484 0.118164
1 0.004883 0.083984 0.005859 0.083984 0.005859 0.084961 0.004883 0.084961
1 0.001953 0.094727 0.006836 0.101562 0.002930 0.104492 0.002930 0.126953 0.005859 0.129883 0.002930 0.131836 0.003906 0.144531 0.000000 0.156250 0.000000 0.168945 0.004883 0.170898 0.002930 0.181641 0.007812 0.182617 0.014648 0.193359 0.004883 0.201172 0.002930 0.250000 0.000000 0.259766 0.000000 0.263672 0.005859 0.268555 0.001953 0.279297 0.006836 0.282227 0.000000 0.286133 0.000000 0.291016 0.004883 0.295898 0.004883 0.310547 0.000000 0.316406 0.000000 0.328125 0.013672 0.358398 0.010742 0.362305 0.011719 0.367188 0.004883 0.369141 0.008789 0.369141 0.004883 0.375000 0.008789 0.379883 0.000000 0.385742 0.003906 0.393555 0.003906 0.404297 0.008789 0.407227 0.002930 0.413086 0.002930 0.431641 0.007812 0.435547 0.002930 0.438477 0.000000 0.446289 0.002930 0.449219 0.003906 0.459961 0.007812 0.462891 0.004883 0.465820 0.004883 0.473633 0.007812 0.476562 0.003906 0.480469 0.003906 0.487305 0.007812 0.491211 0.003906 0.494141 0.003906 0.514648 0.008789 0.519531 0.004883 0.523438 0.010742 0.525391 0.009766 0.542969 0.011719 0.546875 0.017578 0.546875 0.018555 0.561523 0.004883 0.570312 0.000000 0.600586 0.000000 0.752930 0.003906 0.764648 0.000000 0.769531 0.000000 0.793945 0.006836 0.820312 0.016602 0.822266 0.033203 0.819336 0.043945 0.823242 0.061523 0.837891 0.063477 0.862305 0.058594 0.872070 0.045898 0.881836 0.041016 0.895508 0.045898 0.915039 0.055664 0.923828 0.063477 0.938477 0.076172 0.948242 0.074219 0.972656 0.081055 0.999023 0.112305 0.993164 0.150391 0.999023 0.158203 0.995117 0.166992 0.995117 0.170898 0.999023 0.192383 0.999023 0.195312 0.996094 0.230469 0.997070 0.250977 0.993164 0.261719 0.999023 0.283203 0.999023 0.290039 0.996094 0.314453 0.996094 0.317383 0.999023 0.320312 0.996094 0.341797 0.995117 0.437500 0.995117 0.484375 0.999023 0.497070 0.994141 0.517578 0.996094 0.520508 0.999023 0.552734 0.995117 0.647461 0.999023 0.653320 0.996094 0.677734 0.994141 0.711914 0.997070 0.806641 0.994141 0.829102 0.996094 0.831055 0.999023 0.844727 0.994141 0.931641 0.996094 0.945312 0.993164 0.948242 0.989258 0.953125 0.991211 0.958008 0.987305 0.937500 0.975586 0.926758 0.959961 0.925781 0.956055 0.929688 0.952148 0.925781 0.942383 0.929688 0.937500 0.920898 0.933594 0.919922 0.926758 0.922852 0.924805 0.915039 0.918945 0.908203 0.922852 0.901367 0.918945 0.899414 0.914062 0.874023 0.890625 0.871094 0.884766 0.870117 0.866211 0.857422 0.847656 0.850586 0.828125 0.830078 0.806641 0.825195 0.793945 0.791992 0.754883 0.777344 0.753906 0.764648 0.741211 0.759766 0.731445 0.748047 0.723633 0.737305 0.726562 0.730469 0.734375 0.708984 0.732422 0.688477 0.727539 0.671875 0.718750 0.664062 0.710938 0.661133 0.702148 0.644531 0.682617 0.626953 0.651367 0.626953 0.622070 0.634766 0.599609 0.630859 0.583008 0.580078 0.536133 0.569336 0.521484 0.555664 0.490234 0.549805 0.483398 0.534180 0.477539 0.511719 0.481445 0.501953 0.488281 0.472656 0.485352 0.464844 0.490234 0.458984 0.504883 0.449219 0.484375 0.439453 0.476562 0.412109 0.463867 0.392578 0.466797 0.388672 0.479492 0.370117 0.506836 0.371094 0.553711 0.376953 0.560547 0.377930 0.574219 0.386719 0.586914 0.375977 0.605469 0.367188 0.589844 0.358398 0.583984 0.349609 0.557617 0.329102 0.538086 0.311523 0.539062 0.290039 0.550781 0.275391 0.530273 0.261719 0.529297 0.257812 0.541992 0.237305 0.541992 0.230469 0.545898 0.222656 0.545898 0.196289 0.530273 0.181641 0.538086 0.160156 0.537109 0.151367 0.543945 0.147461 0.543945 0.141602 0.536133 0.113281 0.531250 0.112305 0.518555 0.106445 0.515625 0.106445 0.508789 0.110352 0.498047 0.119141 0.494141 0.119141 0.486328 0.127930 0.472656 0.136719 0.465820 0.139648 0.458008 0.146484 0.428711 0.149414 0.373047 0.154297 0.370117 0.153320 0.358398 0.160156 0.355469 0.155273 0.352539 0.159180 0.347656 0.152344 0.341797 0.154297 0.337891 0.149414 0.334961 0.148438 0.330078 0.139648 0.326172 0.127930 0.333984 0.125977 0.331055 0.131836 0.327148 0.127930 0.322266 0.129883 0.320312 0.124023 0.320312 0.124023 0.313477 0.119141 0.314453 0.109375 0.303711 0.123047 0.297852 0.127930 0.286133 0.128906 0.253906 0.134766 0.248047 0.130859 0.235352 0.131836 0.222656 0.105469 0.181641 0.090820 0.178711 0.086914 0.186523 0.076172 0.190430 0.062500 0.183594 0.056641 0.175781 0.045898 0.175781 0.042969 0.161133 0.046875 0.154297 0.041992 0.150391 0.045898 0.147461 0.045898 0.136719 0.048828 0.131836 0.053711 0.133789 0.057617 0.119141 0.053711 0.115234 0.046875 0.118164 0.030273 0.111328 0.011719 0.076172 0.004883 0.078125 0.009766 0.084961 0.001953 0.094727
1 0.586914 0.028320 0.587891 0.028320 0.587891 0.029297 0.586914 0.029297
1 0.004883 0.006836 0.003906 0.013672 0.007812 0.021484 0.015625 0.024414 0.022461 0.032227 0.017578 0.036133 0.016602 0.042969 0.024414 0.046875 0.025391 0.056641 0.045898 0.062500 0.048828 0.067383 0.063477 0.069336 0.070312 0.080078 0.084961 0.080078 0.085938 0.085938 0.091797 0.090820 0.088867 0.098633 0.093750 0.100586 0.100586 0.099609 0.102539 0.093750 0.115234 0.086914 0.125977 0.085938 0.137695 0.099609 0.144531 0.100586 0.149414 0.105469 0.150391 0.113281 0.153320 0.115234 0.160156 0.109375 0.172852 0.108398 0.177734 0.112305 0.195312 0.115234 0.202148 0.112305 0.208984 0.116211 0.223633 0.106445 0.251953 0.105469 0.258789 0.092773 0.268555 0.092773 0.270508 0.099609 0.267578 0.103516 0.267578 0.112305 0.277344 0.119141 0.277344 0.125977 0.284180 0.130859 0.286133 0.138672 0.297852 0.144531 0.303711 0.158203 0.317383 0.164062 0.314453 0.166992 0.315430 0.174805 0.320312 0.174805 0.327148 0.166016 0.332031 0.168945 0.367188 0.206055 0.360352 0.211914 0.360352 0.218750 0.353516 0.220703 0.353516 0.228516 0.339844 0.230469 0.339844 0.237305 0.343750 0.241211 0.341797 0.248047 0.348633 0.250000 0.353516 0.245117 0.359375 0.250977 0.359375 0.254883 0.356445 0.257812 0.358398 0.261719 0.347656 0.267578 0.346680 0.287109 0.334961 0.289062 0.327148 0.302734 0.326172 0.309570 0.334961 0.312500 0.339844 0.322266 0.333984 0.333008 0.334961 0.346680 0.337891 0.342773 0.340820 0.348633 0.350586 0.341797 0.358398 0.344727 0.358398 0.367188 0.365234 0.356445 0.375977 0.357422 0.377930 0.349609 0.382812 0.349609 0.390625 0.357422 0.393555 0.348633 0.398438 0.352539 0.400391 0.364258 0.409180 0.362305 0.410156 0.372070 0.414062 0.373047 0.416016 0.367188 0.417969 0.370117 0.419922 0.357422 0.434570 0.348633 0.444336 0.352539 0.451172 0.350586 0.466797 0.361328 0.473633 0.355469 0.477539 0.340820 0.474609 0.337891 0.475586 0.327148 0.471680 0.320312 0.492188 0.297852 0.501953 0.300781 0.517578 0.298828 0.517578 0.307617 0.519531 0.303711 0.525391 0.308594 0.536133 0.308594 0.537109 0.315430 0.541016 0.317383 0.533203 0.321289 0.532227 0.326172 0.526367 0.326172 0.523438 0.330078 0.518555 0.328125 0.515625 0.331055 0.524414 0.333984 0.531250 0.348633 0.540039 0.339844 0.551758 0.333984 0.553711 0.323242 0.560547 0.327148 0.566406 0.320312 0.573242 0.283203 0.598633 0.250000 0.600586 0.242188 0.624023 0.218750 0.627930 0.210938 0.619141 0.175781 0.616211 0.176758 0.613281 0.170898 0.603516 0.164062 0.610352 0.160156 0.605469 0.157227 0.598633 0.161133 0.591797 0.154297 0.591797 0.149414 0.576172 0.147461 0.573242 0.144531 0.574219 0.139648 0.566406 0.139648 0.560547 0.132812 0.564453 0.102539 0.572266 0.085938 0.573242 0.059570 0.578125 0.059570 0.591797 0.039062 0.599609 0.034180 0.598633 0.031250 0.605469 0.030273 0.618164 0.048828 0.617188 0.069336 0.623047 0.077148 0.628906 0.078125 0.636719 0.085938 0.648438 0.078125 0.661133 0.080078 0.669922 0.077148 0.671875 0.067383 0.682617 0.064453 0.684570 0.053711 0.695312 0.045898 0.692383 0.027344 0.698242 0.011719 0.711914 0.004883 0.703125 0.008789 0.704102 0.002930 0.634766 0.000000 0.624023 0.003906 0.583984 0.003906 0.570312 0.006836 0.551758 0.003906 0.498047 0.006836 0.469727 0.003906 0.462891 0.007812 0.447266 0.007812 0.431641 0.003906 0.414062 0.003906 0.389648 0.007812 0.373047 0.003906 0.365234 0.005859 0.340820 0.004883 0.333984 0.001953 0.288086 0.001953 0.261719 0.007812 0.251953 0.004883 0.190430 0.003906 0.168945 0.000000 0.149414 0.003906 0.012695 0.000000 0.004883 0.006836