1 0.879883 0.043945 0.882812 0.063477 0.892578 0.083984 0.879883 0.107422 0.879883 0.120117 0.893555 0.135742 0.912109 0.140625 0.926758 0.136719 0.929688 0.131836 0.945312 0.149414 0.956055 0.148438 0.965820 0.136719 0.987305 0.125977 0.999023 0.108398 0.999023 0.083008 0.991211 0.068359 0.999023 0.052734 0.999023 0.024414 0.994141 0.000000 0.916992 0.000000 0.907227 0.008789 0.906250 0.022461 0.886719 0.032227
1 0.856445 0.262695 0.851562 0.302734 0.870117 0.318359 0.876953 0.314453 0.879883 0.307617 0.893555 0.260742 0.886719 0.245117 0.871094 0.241211
1 0.031250 0.511719 0.031250 0.536133 0.040039 0.551758 0.050781 0.561523 0.053711 0.568359 0.050781 0.588867 0.065430 0.604492 0.067383 0.614258 0.079102 0.612305 0.091797 0.619141 0.100586 0.610352 0.125977 0.601562 0.125977 0.594727 0.116211 0.571289 0.095703 0.548828 0.084961 0.542969 0.088867 0.520508 0.073242 0.494141 0.049805 0.494141 0.039062 0.500000
1 0.002930 0.799805 0.000000 0.799805 0.000000 0.969727 0.008789 0.967773 0.013672 0.962891 0.033203 0.932617 0.034180 0.921875 0.040039 0.908203 0.057617 0.886719 0.064453 0.873047 0.052734 0.834961 0.029297 0.814453 0.024414 0.804688
1 0.701172 0.897461 0.700195 0.901367 0.706055 0.908203 0.701172 0.922852 0.702148 0.942383 0.711914 0.952148 0.724609 0.959961 0.740234 0.963867 0.755859 0.959961 0.758789 0.962891 0.754883 0.965820 0.756836 0.973633 0.786133 0.999023 0.802734 0.999023 0.806641 0.995117 0.813477 0.999023 0.844727 0.999023 0.848633 0.994141 0.852539 0.974609 0.837891 0.939453 0.833008 0.934570 0.823242 0.934570 0.820312 0.931641 0.818359 0.921875 0.806641 0.907227 0.805664 0.893555 0.797852 0.875977 0.790039 0.863281 0.768555 0.840820 0.759766 0.839844 0.740234 0.848633 0.726562 0.861328
1 0.011719 0.372070 0.007812 0.393555 0.014648 0.413086 0.022461 0.424805 0.033203 0.428711 0.036133 0.446289 0.049805 0.468750 0.071289 0.468750 0.084961 0.450195 0.098633 0.445312 0.125000 0.423828 0.126953 0.414062 0.122070 0.393555 0.110352 0.379883 0.102539 0.375977 0.099609 0.366211 0.084961 0.358398 0.078125 0.347656 0.065430 0.355469 0.045898 0.347656 0.032227 0.348633 0.020508 0.355469
1 0.923828 0.430664 0.927734 0.466797 0.936523 0.484375 0.954102 0.499023 0.959961 0.513672 0.975586 0.518555 0.990234 0.515625 0.996094 0.504883 0.992188 0.483398 0.999023 0.470703 0.999023 0.352539 0.984375 0.350586 0.968750 0.362305 0.951172 0.389648 0.941406 0.396484
1 0.911133 0.822266 0.910156 0.840820 0.914062 0.852539 0.924805 0.862305 0.933594 0.862305 0.946289 0.845703 0.952148 0.829102 0.951172 0.821289 0.938477 0.813477 0.928711 0.812500 0.914062 0.817383
1 0.886719 0.532227 0.882812 0.541016 0.882812 0.571289 0.891602 0.583008 0.901367 0.588867 0.922852 0.586914 0.951172 0.564453 0.949219 0.516602 0.948242 0.511719 0.940430 0.504883 0.919922 0.502930 0.906250 0.506836 0.894531 0.518555
0 0.206055 0.734375 0.205078 0.743164 0.208008 0.746094 0.233398 0.758789 0.253906 0.766602 0.261719 0.766602 0.280273 0.711914 0.267578 0.705078 0.225586 0.697266
0 0.991211 0.649414 0.965820 0.699219 0.984375 0.712891 0.999023 0.718750 0.999023 0.638672
0 0.338867 0.922852 0.337891 0.926758 0.346680 0.938477 0.358398 0.949219 0.363281 0.950195 0.390625 0.923828 0.396484 0.922852 0.403320 0.927734 0.417969 0.917969 0.419922 0.910156 0.415039 0.903320 0.416016 0.890625 0.396484 0.872070 0.392578 0.872070 0.365234 0.893555
0 0.268555 0.731445 0.267578 0.742188 0.272461 0.728516
0 0.253906 0.739258 0.258789 0.744141 0.250000 0.750977 0.254883 0.756836 0.261719 0.757812 0.265625 0.752930 0.265625 0.744141 0.261719 0.742188 0.259766 0.736328 0.265625 0.724609 0.261719 0.727539 0.258789 0.738281
0 0.140625 0.739258 0.137695 0.757812 0.158203 0.779297 0.156250 0.790039 0.159180 0.794922 0.169922 0.797852 0.182617 0.794922 0.189453 0.802734 0.200195 0.805664 0.205078 0.810547 0.205078 0.827148 0.215820 0.833008 0.219727 0.847656 0.224609 0.852539 0.246094 0.864258 0.261719 0.864258 0.275391 0.870117 0.279297 0.866211 0.297852 0.816406 0.293945 0.795898 0.286133 0.786133 0.212891 0.746094 0.155273 0.721680 0.149414 0.723633
0 0.163086 0.444336 0.152344 0.480469 0.138672 0.501953 0.135742 0.513672 0.156250 0.524414 0.170898 0.536133 0.185547 0.538086 0.191406 0.549805 0.204102 0.556641 0.231445 0.560547 0.236328 0.555664 0.243164 0.555664 0.255859 0.561523 0.274414 0.563477 0.282227 0.556641 0.300781 0.504883 0.301758 0.492188 0.318359 0.457031 0.323242 0.452148 0.328125 0.434570 0.320312 0.426758 0.278320 0.414062 0.268555 0.407227 0.199219 0.382812 0.184570 0.402344
0 0.834961 0.000000 0.734375 0.000000 0.738281 0.046875 0.736328 0.087891 0.741211 0.106445 0.750977 0.201172 0.754883 0.208984 0.765625 0.208984 0.777344 0.203125 0.813477 0.199219 0.823242 0.186523 0.843750 0.186523 0.856445 0.181641 0.855469 0.144531 0.846680 0.066406 0.839844 0.048828
0 0.810547 0.893555 0.807617 0.903320 0.810547 0.912109 0.820312 0.921875 0.823242 0.932617 0.832031 0.931641 0.846680 0.912109 0.843750 0.901367 0.821289 0.883789 0.815430 0.884766
0 0.459961 0.675781 0.458984 0.688477 0.465820 0.696289 0.560547 0.742188 0.587891 0.750000 0.596680 0.731445 0.607422 0.726562 0.599609 0.710938 0.583008 0.698242 0.549805 0.680664 0.530273 0.676758 0.493164 0.658203 0.483398 0.656250 0.466797 0.664062
1 0.018555 0.004883 0.016602 0.011719 0.019531 0.017578 0.040039 0.043945 0.052734 0.050781 0.068359 0.071289 0.078125 0.097656 0.081055 0.120117 0.097656 0.147461 0.112305 0.189453 0.123047 0.194336 0.134766 0.209961 0.136719 0.230469 0.146484 0.237305 0.151367 0.230469 0.180664 0.230469 0.202148 0.261719 0.208008 0.261719 0.208008 0.272461 0.219727 0.299805 0.229492 0.304688 0.232422 0.314453 0.229492 0.317383 0.240234 0.318359 0.244141 0.329102 0.253906 0.317383 0.261719 0.320312 0.285156 0.372070 0.293945 0.370117 0.295898 0.375977 0.302734 0.374023 0.308594 0.378906 0.333008 0.378906 0.337891 0.392578 0.356445 0.412109 0.348633 0.417969 0.344727 0.428711 0.361328 0.465820 0.355469 0.473633 0.362305 0.476562 0.361328 0.480469 0.374023 0.485352 0.369141 0.494141 0.375000 0.502930 0.374023 0.513672 0.366211 0.518555 0.363281 0.527344 0.350586 0.534180 0.344727 0.533203 0.338867 0.543945 0.329102 0.542969 0.331055 0.563477 0.324219 0.565430 0.317383 0.560547 0.297852 0.558594 0.289062 0.560547 0.288086 0.568359 0.293945 0.574219 0.296875 0.596680 0.289062 0.608398 0.283203 0.608398 0.261719 0.622070 0.256836 0.640625 0.260742 0.661133 0.268555 0.670898 0.283203 0.678711 0.285156 0.665039 0.306641 0.661133 0.310547 0.672852 0.325195 0.675781 0.324219 0.680664 0.333984 0.702148 0.351562 0.727539 0.351562 0.737305 0.364258 0.748047 0.444336 0.739258 0.451172 0.741211 0.464844 0.720703 0.460938 0.717773 0.464844 0.710938 0.456055 0.697266 0.447266 0.693359 0.444336 0.680664 0.452148 0.672852 0.457031 0.673828 0.467773 0.653320 0.485352 0.648438 0.498047 0.652344 0.510742 0.662109 0.518555 0.662109 0.528320 0.674805 0.556641 0.681641 0.560547 0.679688 0.580078 0.692383 0.594727 0.694336 0.605469 0.716797 0.603516 0.724609 0.612305 0.726562 0.616211 0.734375 0.614258 0.742188 0.639648 0.745117 0.647461 0.742188 0.650391 0.749023 0.657227 0.742188 0.666992 0.750977 0.671875 0.749023 0.686523 0.734375 0.685547 0.728516 0.691406 0.723633 0.682617 0.709961 0.682617 0.702148 0.690430 0.694336 0.700195 0.699219 0.705078 0.661133 0.723633 0.638672 0.728516 0.594727 0.724609 0.578125 0.711914 0.568359 0.702148 0.553711 0.703125 0.511719 0.713867 0.504883 0.702148 0.481445 0.699219 0.456055 0.674805 0.423828 0.661133 0.416016 0.660156 0.407227 0.647461 0.389648 0.649414 0.382812 0.640625 0.355469 0.630859 0.342773 0.629883 0.302734 0.623047 0.286133 0.624023 0.260742 0.614258 0.229492 0.614258 0.212891 0.585938 0.175781 0.583984 0.152344 0.587891 0.136719 0.582031 0.127930 0.579102 0.101562 0.569336 0.086914 0.568359 0.039062 0.563477 0.035156 0.560547 0.024414 0.513672 0.000000 0.027344 0.000000 0.026367 0.003906