0 0.984375 0.315430 0.983398 0.322266 0.986328 0.321289
0 0.987305 0.295898 0.990234 0.299805 0.984375 0.306641 0.987305 0.307617 0.988281 0.301758 0.991211 0.300781 0.995117 0.308594 0.995117 0.303711 0.991211 0.299805 0.995117 0.295898
0 0.761719 0.013672 0.760742 0.018555 0.765625 0.029297 0.781250 0.040039 0.808594 0.087891 0.806641 0.095703 0.777344 0.110352 0.770508 0.116211 0.770508 0.121094 0.781250 0.140625 0.787109 0.143555 0.793945 0.155273 0.801758 0.176758 0.815430 0.198242 0.835938 0.223633 0.853516 0.266602 0.858398 0.271484 0.869141 0.271484 0.900391 0.287109 0.915039 0.311523 0.920898 0.316406 0.931641 0.316406 0.935547 0.307617 0.938477 0.309570 0.944336 0.302734 0.973633 0.284180 0.983398 0.287109 0.989258 0.284180 0.994141 0.291016 0.995117 0.284180 0.992188 0.284180 0.991211 0.280273 0.999023 0.273438 0.999023 0.212891 0.989258 0.197266 0.990234 0.192383 0.979492 0.158203 0.981445 0.154297 0.987305 0.154297 0.988281 0.136719 0.997070 0.130859 0.996094 0.125977 0.999023 0.123047 0.999023 0.041016 0.988281 0.035156 0.927734 0.075195 0.919922 0.070312 0.907227 0.044922 0.891602 0.034180 0.873047 0.000000 0.766602 0.000000
1 0.777344 0.431641 0.773438 0.449219 0.782227 0.452148 0.783203 0.477539 0.776367 0.494141 0.788086 0.507812 0.796875 0.532227 0.811523 0.556641 0.827148 0.560547 0.842773 0.547852 0.873047 0.547852 0.888672 0.560547 0.889648 0.570312 0.904297 0.591797 0.914062 0.601562 0.920898 0.602539 0.941406 0.591797 0.956055 0.592773 0.963867 0.580078 0.981445 0.577148 0.999023 0.566406 0.999023 0.362305 0.950195 0.336914 0.902344 0.337891 0.893555 0.344727 0.860352 0.355469 0.845703 0.371094 0.841797 0.389648 0.832031 0.402344 0.809570 0.410156 0.795898 0.423828 0.783203 0.425781
1 0.487305 0.899414 0.502930 0.916016 0.500977 0.928711 0.503906 0.932617 0.494141 0.941406 0.494141 0.948242 0.489258 0.953125 0.492188 0.955078 0.485352 0.964844 0.479492 0.962891 0.479492 0.978516 0.481445 0.983398 0.496094 0.987305 0.501953 0.996094 0.512695 0.999023 0.999023 0.999023 0.999023 0.576172 0.975586 0.583984 0.962891 0.596680 0.938477 0.600586 0.927734 0.615234 0.917969 0.621094 0.916016 0.628906 0.906250 0.630859 0.895508 0.626953 0.890625 0.610352 0.893555 0.590820 0.881836 0.585938 0.881836 0.574219 0.873047 0.556641 0.862305 0.553711 0.856445 0.559570 0.834961 0.563477 0.810547 0.594727 0.747070 0.595703 0.736328 0.592773 0.705078 0.597656 0.695312 0.618164 0.680664 0.634766 0.672852 0.665039 0.659180 0.680664 0.647461 0.720703 0.519531 0.839844 0.510742 0.840820 0.501953 0.849609 0.497070 0.857422 0.494141 0.882812
1 0.172852 0.632812 0.170898 0.654297 0.174805 0.663086 0.180664 0.750977 0.185547 0.767578 0.200195 0.781250 0.212891 0.803711 0.236328 0.803711 0.267578 0.819336 0.279297 0.810547 0.306641 0.803711 0.328125 0.805664 0.333984 0.813477 0.351562 0.814453 0.412109 0.720703 0.435547 0.665039 0.419922 0.599609 0.392578 0.575195 0.375000 0.568359 0.331055 0.571289 0.303711 0.562500 0.265625 0.563477 0.210938 0.576172 0.190430 0.595703 0.173828 0.623047
1 0.558594 0.237305 0.561523 0.245117 0.543945 0.350586 0.547852 0.360352 0.544922 0.375977 0.561523 0.404297 0.602539 0.432617 0.724609 0.398438 0.731445 0.392578 0.748047 0.362305 0.751953 0.346680 0.748047 0.335938 0.734375 0.327148 0.726562 0.310547 0.720703 0.281250 0.712891 0.274414 0.704102 0.248047 0.689453 0.230469 0.674805 0.222656 0.661133 0.224609 0.654297 0.218750 0.616211 0.227539 0.607422 0.209961 0.601562 0.207031 0.573242 0.219727 0.568359 0.229492
1 0.285156 0.363281 0.286133 0.376953 0.309570 0.400391 0.320312 0.423828 0.351562 0.438477 0.365234 0.456055 0.409180 0.454102 0.473633 0.435547 0.475586 0.424805 0.486328 0.406250 0.476562 0.400391 0.475586 0.390625 0.467773 0.377930 0.447266 0.363281 0.446289 0.356445 0.455078 0.344727 0.451172 0.339844 0.461914 0.328125 0.448242 0.326172 0.445312 0.312500 0.405273 0.298828 0.391602 0.302734 0.373047 0.301758 0.366211 0.305664 0.349609 0.299805 0.341797 0.300781 0.299805 0.329102
1 0.156250 0.031250 0.156250 0.059570 0.150391 0.080078 0.158203 0.087891 0.158203 0.111328 0.171875 0.128906 0.172852 0.136719 0.177734 0.140625 0.180664 0.136719 0.201172 0.139648 0.219727 0.165039 0.234375 0.159180 0.245117 0.160156 0.254883 0.168945 0.277344 0.168945 0.318359 0.184570 0.327148 0.195312 0.322266 0.230469 0.330078 0.247070 0.352539 0.252930 0.365234 0.274414 0.375977 0.283203 0.384766 0.278320 0.439453 0.276367 0.443359 0.273438 0.523438 0.274414 0.525391 0.278320 0.540039 0.275391 0.544922 0.241211 0.549805 0.241211 0.564453 0.222656 0.594727 0.200195 0.586914 0.157227 0.591797 0.125977 0.589844 0.118164 0.584961 0.115234 0.587891 0.108398 0.584961 0.104492 0.596680 0.090820 0.602539 0.063477 0.612305 0.060547 0.619141 0.045898 0.613281 0.039062 0.611328 0.027344 0.605469 0.026367 0.581055 0.000000 0.179688 0.000000 0.168945 0.018555 0.162109 0.021484
1 0.347656 0.123047 0.347656 0.151367 0.350586 0.154297 0.347656 0.158203 0.353516 0.154297 0.375000 0.163086 0.375977 0.186523 0.387695 0.181641 0.386719 0.167969 0.399414 0.164062 0.395508 0.160156 0.411133 0.145508 0.414062 0.134766 0.430664 0.124023 0.438477 0.130859 0.453125 0.067383 0.453125 0.052734 0.446289 0.046875 0.446289 0.038086 0.441406 0.031250 0.448242 0.025391 0.440430 0.013672 0.441406 0.009766 0.431641 0.004883 0.430664 0.012695 0.413086 0.011719 0.404297 0.004883 0.404297 0.036133 0.377930 0.052734 0.368164 0.052734 0.362305 0.059570 0.355469 0.115234
1 0.192383 0.000000 0.000000 0.000000 0.000000 0.373047 0.004883 0.376953 0.026367 0.375000 0.035156 0.381836 0.042969 0.379883 0.049805 0.385742 0.062500 0.428711 0.069336 0.424805 0.102539 0.431641 0.115234 0.446289 0.112305 0.457031 0.117188 0.457031 0.118164 0.469727 0.136719 0.472656 0.141602 0.483398 0.157227 0.486328 0.170898 0.478516 0.195312 0.484375 0.207031 0.481445 0.212891 0.474609 0.211914 0.427734 0.216797 0.419922 0.227539 0.418945 0.240234 0.402344 0.272461 0.401367 0.283203 0.390625 0.297852 0.280273 0.297852 0.275391 0.272461 0.262695 0.283203 0.251953 0.283203 0.244141 0.279297 0.240234 0.274414 0.243164 0.265625 0.235352 0.259766 0.219727 0.261719 0.208984 0.271484 0.203125 0.273438 0.188477 0.265625 0.183594 0.268555 0.177734 0.274414 0.177734 0.267578 0.174805 0.269531 0.167969 0.258789 0.164062 0.237305 0.166016 0.232422 0.151367 0.238281 0.136719 0.227539 0.112305 0.234375 0.105469 0.236328 0.088867 0.245117 0.078125 0.240234 0.074219 0.221680 0.081055 0.197266 0.061523 0.197266 0.057617 0.204102 0.053711 0.198242 0.041016 0.201172 0.037109 0.198242 0.023438 0.212891 0.017578 0.217773 0.009766 0.212891 0.004883 0.197266 0.004883
1 0.009766 0.855469 0.016602 0.892578 0.008789 0.923828 0.013672 0.942383 0.022461 0.954102 0.044922 0.968750 0.060547 0.990234 0.090820 0.999023 0.300781 0.999023 0.311523 0.994141 0.332031 0.994141 0.332031 0.987305 0.325195 0.986328 0.292969 0.943359 0.290039 0.931641 0.287109 0.933594 0.278320 0.927734 0.266602 0.935547 0.243164 0.917969 0.237305 0.909180 0.213867 0.896484 0.188477 0.889648 0.181641 0.878906 0.187500 0.873047 0.209961 0.874023 0.212891 0.869141 0.204102 0.857422 0.186523 0.848633 0.192383 0.841797 0.190430 0.837891 0.122070 0.785156 0.106445 0.785156 0.100586 0.793945 0.088867 0.798828 0.082031 0.809570 0.030273 0.834961